1736511671563 0.24479103088378906 0
1736511671894 0.03249005973339081 1
1736511672220 0.01899856887757778 2
1736511672525 0.014240007847547531 3
1736511672840 0.011912597343325615 4
1736511673202 0.010450511239469051 5
1736511673529 0.009288079105317593 6
1736511673856 0.008422049693763256 7
1736511674154 0.00758191617205739 8
1736511674454 0.006877164822071791 9
1736511674773 0.006275395397096872 10
1736511675097 0.005757317412644625 11
1736511675424 0.005287977401167154 12
1736511675775 0.004890769720077515 13
1736511676076 0.004530474543571472 14
1736511676379 0.004207495134323835 15
1736511676729 0.003914305474609137 16
1736511677039 0.0036333007737994194 17
1736511677339 0.0033966233022511005 18
1736511677643 0.003174734767526388 19
1736511677935 0.0029715285636484623 20
1736511678247 0.00278432946652174 21
1736511678556 0.002620009472593665 22
1736511678872 0.0024539767764508724 23
1736511679201 0.0023173163644969463 24
1736511679517 0.0021890036296099424 25
1736511679819 0.002076796256005764 26
1736511680158 0.0019688212778419256 27
1736511680486 0.0018705461407080293 28
1736511680817 0.001785649685189128 29
1736511681123 0.0016957910265773535 30
1736511681423 0.0016228934982791543 31
1736511681723 0.0015890039503574371 32
1736511682031 0.001506879343651235 33
1736511682336 0.001453664619475603 34
1736511682635 0.0013987267157062888 35
1736511682935 0.0013588734436780214 36
1736511683230 0.0013192977057769895 37
1736511683558 0.0012247448321431875 38
1736511683909 0.0011708986712619662 39
1736511684222 0.001125237555243075 40
1736511684520 0.0010918552288785577 41
1736511684822 0.0010579973459243774 42
1736511685123 0.0010186329018324614 43
1736511685418 0.0009856466203927994 44
1736511685720 0.0009541119798086584 45
1736511686023 0.0009240322979167104 46
1736511686314 0.0009012173977680504 47
1736511686640 0.0008744059014134109 48
1736511686987 0.0008543323492631316 49
1736511687374 0.0008424716652370989 50
1736511687732 0.0008070239564403892 51
1736511688050 0.000788216944783926 52
1736511688367 0.0007785458001308143 53
1736511688672 0.0007607422303408384 54
1736511688972 0.0007825911743566394 55
1736511689285 0.0007304964237846434 56
1736511689625 0.0007131110760383308 57
1736511689957 0.0006968632224015892 58
1736511690266 0.0006708731525577605 59
1736511690662 0.0006541815237142146 60
1736511691045 0.0006916687125340104 61
1736511691412 0.0006722998805344105 62
1736511691724 0.0006261583184823394 63
1736511692112 0.0006126181106083095 64
1736511692467 0.0006105331121943891 65
1736511692788 0.0005926598096266389 66
1736511693100 0.0005818746867589653 67
1736511693393 0.0005718281026929617 68
1736511693680 0.0005787666887044907 69
1736511693981 0.0006107533117756248 70
1736511694322 0.0005719595937989652 71
1736511694657 0.0005628182552754879 72
1736511695055 0.0005404378171078861 73
1736511695380 0.0005302666686475277 74
1736511695717 0.0005064223660156131 75
1736511696036 0.0005022964905947447 76
1736511696343 0.0004933525342494249 77
1736511696641 0.0004993915790691972 78
1736511696938 0.0005014915368519723 79
1736511697237 0.0004928981070406735 80
1736511697558 0.000492215680424124 81
1736511697914 0.0004631444171536714 82
1736511698268 0.000457978603662923 83
1736511698594 0.00044734578114002943 84
1736511698877 0.0004470632993616164 85
1736511699147 0.0004415976582095027 86
1736511699422 0.0004388448433019221 87
1736511699694 0.00047523024841211736 88
1736511699965 0.0005012233159504831 89
1736511700266 0.0005065100849606097 90
1736511700539 0.0005293010035529733 91
1736511700811 0.00044064142275601625 92
1736511701102 0.0004122083482798189 93
1736511701442 0.0003967889351770282 94
1736511701762 0.00046591649879701436 95
1736511702078 0.0004724393074866384 96
1736511702380 0.00040060016908682883 97
1736511702693 0.00038607348687946796 98
1736511703000 0.00042443687561899424 99
