1736511671563 0.329354465007782 0
1736511671894 0.11844824999570847 1
1736511672220 0.07936806231737137 2
1736511672525 0.064700648188591 3
1736511672840 0.05940280482172966 4
1736511673202 0.0563444122672081 5
1736511673529 0.05358999967575073 6
1736511673856 0.05162375792860985 7
1736511674154 0.049358345568180084 8
1736511674454 0.047384753823280334 9
1736511674773 0.045348022133111954 10
1736511675097 0.043788403272628784 11
1736511675424 0.04191829264163971 12
1736511675775 0.04054899141192436 13
1736511676076 0.03901612013578415 14
1736511676379 0.03754611685872078 15
1736511676729 0.036305252462625504 16
1736511677039 0.0349423885345459 17
1736511677339 0.03400663658976555 18
1736511677643 0.03308133780956268 19
1736511677935 0.03187206760048866 20
1736511678247 0.03095938079059124 21
1736511678556 0.030386369675397873 22
1736511678872 0.029335826635360718 23
1736511679201 0.028632983565330505 24
1736511679517 0.02792605757713318 25
1736511679819 0.027355005964636803 26
1736511680158 0.026702890172600746 27
1736511680486 0.026052704080939293 28
1736511680817 0.025466598570346832 29
1736511681123 0.024937022477388382 30
1736511681423 0.02443065121769905 31
1736511681723 0.02428494580090046 32
1736511682031 0.02369227446615696 33
1736511682336 0.02313382737338543 34
1736511682635 0.022608324885368347 35
1736511682935 0.02239246293902397 36
1736511683230 0.02225092425942421 37
1736511683558 0.02108154632151127 38
1736511683909 0.02054288052022457 39
1736511684222 0.020091550424695015 40
1736511684520 0.019718967378139496 41
1736511684822 0.019426092505455017 42
1736511685123 0.019030097872018814 43
1736511685418 0.018642891198396683 44
1736511685720 0.018284354358911514 45
1736511686023 0.017960481345653534 46
1736511686314 0.017772041261196136 47
1736511686640 0.01748061180114746 48
1736511686987 0.017305132001638412 49
1736511687374 0.017207490280270576 50
1736511687732 0.01675383187830448 51
1736511688050 0.01648600772023201 52
1736511688367 0.01646425761282444 53
1736511688672 0.016331413760781288 54
1736511688972 0.01659468188881874 55
1736511689285 0.01599564030766487 56
1736511689625 0.015771152451634407 57
1736511689957 0.015689825639128685 58
1736511690266 0.015196693129837513 59
1736511690662 0.01491064764559269 60
1736511691045 0.01571226678788662 61
1736511691412 0.015234903432428837 62
1736511691724 0.014592607505619526 63
1736511692112 0.014466652646660805 64
1736511692467 0.01436291728168726 65
1736511692788 0.014152120798826218 66
1736511693100 0.014002619311213493 67
1736511693393 0.013807934708893299 68
1736511693680 0.01408819667994976 69
1736511693981 0.014791161753237247 70
1736511694322 0.013974804431200027 71
1736511694657 0.013947690837085247 72
1736511695055 0.013450493104755878 73
1736511695380 0.013241220265626907 74
1736511695717 0.012840291485190392 75
1736511696036 0.01276123896241188 76
1736511696343 0.012629047967493534 77
1736511696641 0.012883130460977554 78
1736511696938 0.01316804438829422 79
1736511697237 0.012926915660500526 80
1736511697558 0.012614225037395954 81
1736511697914 0.012190617620944977 82
1736511698268 0.012085484340786934 83
1736511698594 0.011984783224761486 84
1736511698877 0.01190120168030262 85
1736511699147 0.011806270107626915 86
1736511699422 0.011878756806254387 87
1736511699694 0.012525640428066254 88
1736511699965 0.013408448547124863 89
1736511700266 0.013184407725930214 90
1736511700539 0.013996271416544914 91
1736511700811 0.012503827922046185 92
1736511701102 0.011588186956942081 93
1736511701442 0.011145433411002159 94
1736511701762 0.012323866598308086 95
1736511702078 0.013298348523676395 96
1736511702380 0.011626824736595154 97
1736511702693 0.01112484373152256 98
1736511703000 0.011695765890181065 99
