1736510547595 0.3441726863384247 0
1736510547920 0.04398074373602867 1
1736510548252 0.023721560835838318 2
1736510548597 0.01645069755613804 3
1736510548955 0.01284782588481903 4
1736510549295 0.0108289560303092 5
1736510549624 0.009370525367558002 6
1736510550035 0.00830236915498972 7
1736510550376 0.00752214202657342 8
1736510550696 0.006905618589371443 9
1736510551015 0.0063871536403894424 10
1736510551328 0.005917322356253862 11
1736510551621 0.005486619658768177 12
1736510551917 0.005114692263305187 13
1736510552213 0.00478479266166687 14
1736510552507 0.00448805233463645 15
1736510552806 0.004213137086480856 16
1736510553109 0.003956415690481663 17
1736510553403 0.003737400518730283 18
1736510553697 0.003522213315591216 19
1736510553992 0.0033307336270809174 20
1736510554310 0.0031552626751363277 21
1736510554624 0.00298563065007329 22
1736510554924 0.002837406937032938 23
1736510555252 0.00269892904907465 24
1736510555554 0.002565304981544614 25
1736510555855 0.0024522230960428715 26
1736510556154 0.0023436073679476976 27
1736510556450 0.002248345408588648 28
1736510556748 0.0021401920821517706 29
1736510557043 0.0020813902374356985 30
1736510557337 0.0019748543854802847 31
1736510557640 0.0019062660867348313 32
1736510557957 0.0018149850657209754 33
1736510558267 0.001752236275933683 34
1736510558570 0.001685376395471394 35
1736510558864 0.0016302695730701089 36
1736510559159 0.0015720119699835777 37
1736510559474 0.0015217422042042017 38
1736510559801 0.0014738410245627165 39
1736510560103 0.0014213244430720806 40
1736510560411 0.0013785965275019407 41
1736510560703 0.0013406046200543642 42
1736510560998 0.00129742082208395 43
1736510561314 0.0012599671026691794 44
1736510561622 0.001215144875459373 45
1736510561925 0.0011844313703477383 46
1736510562227 0.0011511396151036024 47
1736510562578 0.0011208055075258017 48
1736510562890 0.0011100072879344225 49
1736510563193 0.001069670426659286 50
1736510563497 0.0010427541565150023 51
1736510563792 0.0010144610423594713 52
1736510564084 0.0009848980698734522 53
1736510564376 0.0009895674884319305 54
1736510564676 0.0009492111275903881 55
1736510564997 0.0009334498317912221 56
1736510565310 0.0009070834494195879 57
1736510565615 0.0008759371121414006 58
1736510565915 0.0008614714606665075 59
1736510566211 0.000847253599204123 60
1736510566506 0.0008277429733425379 61
1736510566804 0.0008076113881543279 62
1736510567096 0.0007973157335072756 63
1736510567396 0.0007779274601489305 64
1736510567691 0.0007590582827106118 65
1736510567984 0.0007411057595163584 66
1736510568286 0.0007367178332060575 67
1736510568604 0.0007248992915265262 68
1736510568918 0.0007128332508727908 69
1736510569222 0.000697316019795835 70
1736510569544 0.0006870006327517331 71
1736510569845 0.0006788602331653237 72
1736510570144 0.0006701388047076762 73
1736510570450 0.0006572909187525511 74
1736510570747 0.0006332243210636079 75
1736510571045 0.0006183069199323654 76
1736510571344 0.0006252230959944427 77
1736510571640 0.0006113220006227493 78
1736510571951 0.0005926350713707507 79
1736510572272 0.0005843535182066262 80
1736510572577 0.0005729080294258893 81
1736510572877 0.0005735738668590784 82
1736510573176 0.000567119917832315 83
1736510573469 0.00056029437109828 84
1736510573767 0.0005889105959795415 85
1736510574064 0.0005784243112429976 86
1736510574360 0.0005297923926264048 87
1736510574653 0.0005277877789922059 88
1736510574944 0.0005242527695372701 89
1736510575240 0.000517413776833564 90
1736510575562 0.0005042539560236037 91
1736510575882 0.0005195451667532325 92
1736510576187 0.0005979145062156022 93
1736510576486 0.0005164604517631233 94
1736510576809 0.0005007719737477601 95
1736510577109 0.0004761588934343308 96
1736510577414 0.0004735870461445302 97
1736510577710 0.0004744097823277116 98
1736510578005 0.0004594468045979738 99
