1736510547595 0.37637224793434143 0
1736510547920 0.14061355590820312 1
1736510548252 0.08685839921236038 2
1736510548597 0.06876061111688614 3
1736510548955 0.059035856276750565 4
1736510549295 0.05390870198607445 5
1736510549624 0.05059308558702469 6
1736510550035 0.048124026507139206 7
1736510550376 0.046220216900110245 8
1736510550696 0.044792670756578445 9
1736510551015 0.0431215837597847 10
1736510551328 0.04165482148528099 11
1736510551621 0.040295764803886414 12
1736510551917 0.039017677307128906 13
1736510552213 0.03805174306035042 14
1736510552507 0.0373050719499588 15
1736510552806 0.03630969300866127 16
1736510553109 0.03545016422867775 17
1736510553403 0.03479103371500969 18
1736510553697 0.03400345891714096 19
1736510553992 0.03336421772837639 20
1736510554310 0.03270583227276802 21
1736510554624 0.03189684823155403 22
1736510554924 0.031302403658628464 23
1736510555252 0.030676530674099922 24
1736510555554 0.030005693435668945 25
1736510555855 0.02942253090441227 26
1736510556154 0.02884800173342228 27
1736510556450 0.028269680216908455 28
1736510556748 0.027682844549417496 29
1736510557043 0.027464505285024643 30
1736510557337 0.026703447103500366 31
1736510557640 0.02630353532731533 32
1736510557957 0.0257540512830019 33
1736510558267 0.025294121354818344 34
1736510558570 0.02489892765879631 35
1736510558864 0.02442842163145542 36
1736510559159 0.02403603121638298 37
1736510559474 0.023639634251594543 38
1736510559801 0.023336734622716904 39
1736510560103 0.022939931601285934 40
1736510560411 0.022598624229431152 41
1736510560703 0.022376805543899536 42
1736510560998 0.021975472569465637 43
1736510561314 0.021663447842001915 44
1736510561622 0.021273141726851463 45
1736510561925 0.021109571680426598 46
1736510562227 0.02077239379286766 47
1736510562578 0.020504485815763474 48
1736510562890 0.020426815375685692 49
1736510563193 0.020016903057694435 50
1736510563497 0.01977812498807907 51
1736510563792 0.01951717957854271 52
1736510564084 0.01917877607047558 53
1736510564376 0.019362298771739006 54
1736510564676 0.01896311156451702 55
1736510564997 0.018771884962916374 56
1736510565310 0.018430843949317932 57
1736510565615 0.018077069893479347 58
1736510565915 0.017898978665471077 59
1736510566211 0.01783500425517559 60
1736510566506 0.017579521983861923 61
1736510566804 0.017327353358268738 62
1736510567096 0.01723056100308895 63
1736510567396 0.016855480149388313 64
1736510567691 0.016616517677903175 65
1736510567984 0.016410334035754204 66
1736510568286 0.01643693819642067 67
1736510568604 0.01653255708515644 68
1736510568918 0.01606743037700653 69
1736510569222 0.0159665048122406 70
1736510569544 0.015810102224349976 71
1736510569845 0.01563764549791813 72
1736510570144 0.015640437602996826 73
1736510570450 0.015437883324921131 74
1736510570747 0.015094472095370293 75
1736510571045 0.01474583987146616 76
1736510571344 0.014942923560738564 77
1736510571640 0.014800958335399628 78
1736510571951 0.014571886509656906 79
1736510572272 0.014217052608728409 80
1736510572577 0.014085328206419945 81
1736510572877 0.014203041791915894 82
1736510573176 0.014028490521013737 83
1736510573469 0.01416777539998293 84
1736510573767 0.014603987336158752 85
1736510574064 0.014570473693311214 86
1736510574360 0.013558648526668549 87
1736510574653 0.013394610956311226 88
1736510574944 0.013760101981461048 89
1736510575240 0.013573328033089638 90
1736510575562 0.013030934147536755 91
1736510575882 0.01344335451722145 92
1736510576187 0.014732197858393192 93
1736510576486 0.013665222562849522 94
1736510576809 0.013291795738041401 95
1736510577109 0.012637367472052574 96
1736510577414 0.012429239228367805 97
1736510577710 0.012795660644769669 98
1736510578005 0.012487285770475864 99
