1736510644252 0.19614632427692413 0
1736510645073 0.0254623144865036 1
1736510645918 0.013098012655973434 2
1736510646721 0.009814553894102573 3
1736510647557 0.008164813742041588 4
1736510648399 0.006919442676007748 5
1736510649139 0.005908711347728968 6
1736510649888 0.005116165615618229 7
1736510650609 0.004504795651882887 8
1736510651331 0.004024057183414698 9
1736510652052 0.0036179348826408386 10
1736510652794 0.0032811204437166452 11
1736510653545 0.003013989655300975 12
1736510654269 0.0027522204909473658 13
1736510655005 0.0025376451667398214 14
1736510655725 0.002363789128139615 15
1736510656506 0.0021980770397931337 16
1736510657252 0.00205211597494781 17
1736510657987 0.0019385849591344595 18
1736510658712 0.0018208747496828437 19
1736510659420 0.0017440038500353694 20
1736510660142 0.0016555837355554104 21
1736510660882 0.0015990699175745249 22
1736510661689 0.001513556926511228 23
1736510662413 0.001435638521797955 24
1736510663138 0.001391222351230681 25
1736510663853 0.0013168714940547943 26
1736510664601 0.0013041779166087508 27
1736510665369 0.0012504314072430134 28
1736510666089 0.0011824293760582805 29
1736510666811 0.001161038875579834 30
1736510667531 0.0011017429642379284 31
1736510668290 0.0010455757146701217 32
1736510669028 0.0010022795759141445 33
1736510669791 0.0010682420106604695 34
1736510670520 0.001038016052916646 35
1736510671239 0.0009142960770986974 36
1736510671946 0.0008861717069521546 37
1736510672664 0.0010226272279396653 38
1736510673438 0.0012395827798172832 39
1736510674172 0.0017062585102394223 40
1736510674916 0.0014382523950189352 41
1736510675667 0.0017148820916190743 42
1736510676382 0.0010612807236611843 43
1736510677095 0.0008016144274733961 44
1736510677842 0.000757177418563515 45
1736510678585 0.0007176685612648726 46
1736510679297 0.0006932447431609035 47
1736510680012 0.0007288678316399455 48
1736510680723 0.0007622711709700525 49
1736510681473 0.0006941746105439961 50
1736510682214 0.0006795322406105697 51
1736510682958 0.0006449672509916127 52
1736510683690 0.0006827866891399026 53
1736510684406 0.0006379093392752111 54
1736510685166 0.000591063522733748 55
1736510685886 0.000586959533393383 56
1736510686621 0.0006076928693801165 57
1736510687344 0.000782782502938062 58
1736510688059 0.0007084064418449998 59
1736510688782 0.0008154042880050838 60
1736510689533 0.000802822585683316 61
1736510690283 0.0005966775352135301 62
1736510691001 0.0005486661684699357 63
1736510691763 0.0005052645574323833 64
1736510692486 0.00048504958976991475 65
1736510693243 0.0004727831110358238 66
1736510693977 0.0005074430955573916 67
1736510694704 0.00048786873230710626 68
1736510695426 0.0004823006456717849 69
1736510696144 0.0004709748609457165 70
1736510696901 0.0005636209971271455 71
1736510697627 0.00048530634376220405 72
1736510698362 0.00048374730977229774 73
1736510699086 0.0004681316204369068 74
1736510699812 0.0004467629478313029 75
1736510700566 0.0004845698131248355 76
1736510701311 0.0004646476882044226 77
1736510702063 0.0004265550523996353 78
1736510702785 0.00045725583913736045 79
1736510703511 0.0005552752991206944 80
1736510704233 0.0007038607727736235 81
1736510704989 0.0016718949191272259 82
1736510705735 0.002259360160678625 83
1736510706448 0.001208625384606421 84
1736510707174 0.0006679937359876931 85
1736510707898 0.00046825289609842 86
1736510708658 0.0004145571729168296 87
1736510709407 0.000393435126170516 88
1736510710132 0.00038588812458328903 89
1736510710861 0.0003836170944850892 90
1736510711577 0.0003587973187677562 91
1736510712284 0.00035059955553151667 92
1736510713047 0.0003546463849488646 93
1736510713799 0.0004025337693747133 94
1736510714523 0.0003567130770534277 95
1736510715281 0.0003403995360713452 96
1736510716022 0.0003413980011828244 97
1736510716784 0.00033928750781342387 98
1736510717512 0.000349200185155496 99
