1736510644252 0.2822413146495819 0
1736510645073 0.10472323000431061 1
1736510645918 0.0658094510436058 2
1736510646721 0.05344656854867935 3
1736510647557 0.04860860854387283 4
1736510648399 0.04555617272853851 5
1736510649139 0.04302433505654335 6
1736510649888 0.0411764495074749 7
1736510650609 0.039601583033800125 8
1736510651331 0.03794437274336815 9
1736510652052 0.036447662860155106 10
1736510652794 0.03483499214053154 11
1736510653545 0.03359068185091019 12
1736510654269 0.03204691782593727 13
1736510655005 0.0307316817343235 14
1736510655725 0.02985498309135437 15
1736510656506 0.028590375557541847 16
1736510657252 0.0275572557002306 17
1736510657987 0.026905737817287445 18
1736510658712 0.02599158138036728 19
1736510659420 0.025661539286375046 20
1736510660142 0.024942679330706596 21
1736510660882 0.024550622329115868 22
1736510661689 0.02395707741379738 23
1736510662413 0.02328222058713436 24
1736510663138 0.023130103945732117 25
1736510663853 0.022176044061779976 26
1736510664601 0.02237604930996895 27
1736510665369 0.021730946376919746 28
1736510666089 0.02109738066792488 29
1736510666811 0.021022571250796318 30
1736510667531 0.020252548158168793 31
1736510668290 0.019440174102783203 32
1736510669028 0.019092686474323273 33
1736510669791 0.020525692030787468 34
1736510670520 0.020250897854566574 35
1736510671239 0.018039776012301445 36
1736510671946 0.017608731985092163 37
1736510672664 0.020848920568823814 38
1736510673438 0.023169800639152527 39
1736510674172 0.029906995594501495 40
1736510674916 0.024850407615303993 41
1736510675667 0.028244623914361 42
1736510676382 0.021594466641545296 43
1736510677095 0.01726544089615345 44
1736510677842 0.016294404864311218 45
1736510678585 0.015594149008393288 46
1736510679297 0.01523537840694189 47
1736510680012 0.016184333711862564 48
1736510680723 0.017868081107735634 49
1736510681473 0.016001226380467415 50
1736510682214 0.015717804431915283 51
1736510682958 0.014947003684937954 52
1736510683690 0.015486100688576698 53
1736510684406 0.015125664882361889 54
1736510685166 0.014004750177264214 55
1736510685886 0.013999211601912975 56
1736510686621 0.014754106290638447 57
1736510687344 0.01776336319744587 58
1736510688059 0.017096376046538353 59
1736510688782 0.01801084727048874 60
1736510689533 0.01936795935034752 61
1736510690283 0.01472558081150055 62
1736510691001 0.014204512350261211 63
1736510691763 0.012583072297275066 64
1736510692486 0.012201245874166489 65
1736510693243 0.012143321335315704 66
1736510693977 0.013013051822781563 67
1736510694704 0.012916546314954758 68
1736510695426 0.012796305119991302 69
1736510696144 0.012446931563317776 70
1736510696901 0.015281307511031628 71
1736510697627 0.013438624329864979 72
1736510698362 0.013074876740574837 73
1736510699086 0.012713911943137646 74
1736510699812 0.012223765254020691 75
1736510700566 0.01329275406897068 76
1736510701311 0.012708157300949097 77
1736510702063 0.011872139759361744 78
1736510702785 0.012608020566403866 79
1736510703511 0.014955250546336174 80
1736510704233 0.017126496881246567 81
1736510704989 0.027797047048807144 82
1736510705735 0.03634243458509445 83
1736510706448 0.02434169128537178 84
1736510707174 0.017442047595977783 85
1736510707898 0.013200589455664158 86
1736510708658 0.011669222265481949 87
1736510709407 0.010949566960334778 88
1736510710132 0.011118379421532154 89
1736510710861 0.011073822155594826 90
1736510711577 0.010249163955450058 91
1736510712284 0.010139628313481808 92
1736510713047 0.010357373394072056 93
1736510713799 0.012036190368235111 94
1736510714523 0.01063915528357029 95
1736510715281 0.010314686223864555 96
1736510716022 0.010422437451779842 97
1736510716784 0.010388475842773914 98
1736510717512 0.010982138104736805 99
