1736510587770 0.21642853319644928 0
1736510588233 0.026395032182335854 1
1736510588727 0.014651581645011902 2
1736510589252 0.011112065054476261 3
1736510589720 0.009387394413352013 4
1736510590172 0.008188154548406601 5
1736510590652 0.007195932790637016 6
1736510591128 0.006403288338333368 7
1736510591603 0.005758782383054495 8
1736510592093 0.005231047049164772 9
1736510592598 0.004782509990036488 10
1736510593081 0.004383276216685772 11
1736510593596 0.004038920160382986 12
1736510594048 0.0037222118116915226 13
1736510594505 0.0034508812241256237 14
1736510594959 0.0032054733019322157 15
1736510595409 0.002988651627674699 16
1736510595888 0.0027909083291888237 17
1736510596355 0.0026166019961237907 18
1736510596804 0.0024529637303203344 19
1736510597257 0.002302704146131873 20
1736510597710 0.002168508945032954 21
1736510598161 0.002052515745162964 22
1736510598605 0.0019421104807406664 23
1736510599058 0.0018431887729093432 24
1736510599547 0.0017446595011278987 25
1736510600013 0.0016688883770257235 26
1736510600460 0.00158058968372643 27
1736510600908 0.0014996195677667856 28
1736510601360 0.001452877651900053 29
1736510601848 0.0013799157459288836 30
1736510602296 0.0013184333220124245 31
1736510602755 0.001274121692404151 32
1736510603238 0.0012098228326067328 33
1736510603691 0.0011609887005761266 34
1736510604142 0.0011194093385711312 35
1736510604586 0.0010783565230667591 36
1736510605040 0.0010353686520829797 37
1736510605491 0.0010055135935544968 38
1736510605945 0.0009748890879563987 39
1736510606412 0.0009436262771487236 40
1736510606923 0.0009182266076095402 41
1736510607443 0.0008978419355116785 42
1736510607968 0.0008693893323652446 43
1736510608500 0.0008343440713360906 44
1736510608979 0.0007942738011479378 45
1736510609448 0.0007783612818457186 46
1736510609933 0.0007432775455527008 47
1736510610427 0.0007427588570863008 48
1736510610882 0.0007116468623280525 49
1736510611367 0.000691840541549027 50
1736510611825 0.0006887420313432813 51
1736510612284 0.0006936776335351169 52
1736510612777 0.0006824234151281416 53
1736510613319 0.0006383853033185005 54
1736510613828 0.0006051192176528275 55
1736510614285 0.000584079825785011 56
1736510614786 0.0005787520203739405 57
1736510615242 0.0005696814623661339 58
1736510615695 0.0006688247085548937 59
1736510616171 0.0010132224997505546 60
1736510616623 0.0006350426701828837 61
1736510617108 0.0005570383509621024 62
1736510617570 0.0005214290576986969 63
1736510618019 0.0005042935372330248 64
1736510618470 0.0005040657706558704 65
1736510618949 0.000505763862747699 66
1736510619398 0.00048077385872602463 67
1736510619841 0.00047105239355005324 68
1736510620309 0.0004908920964226127 69
1736510620787 0.00046975800069049 70
1736510621247 0.00043882126919925213 71
1736510621697 0.0004330722149461508 72
1736510622146 0.0004217694222461432 73
1736510622598 0.0004274115199223161 74
1736510623044 0.00040637856000103056 75
1736510623496 0.0004013964789919555 76
1736510623961 0.00040198018541559577 77
1736510624444 0.00043011634261347353 78
1736510624894 0.00042583304457366467 79
1736510625346 0.0005220844759605825 80
1736510625797 0.0010251542553305626 81
1736510626255 0.0012805549195036292 82
1736510626702 0.0015946744242683053 83
1736510627180 0.0007030937122181058 84
1736510627671 0.0006424263119697571 85
1736510628136 0.0006165787344798446 86
1736510628583 0.0005099772824905813 87
1736510629047 0.0004443406651262194 88
1736510629500 0.00038722821045666933 89
1736510629955 0.00036830033059231937 90
1736510630404 0.0003594241279643029 91
1736510630879 0.0003350217011757195 92
1736510631358 0.0003297179355286062 93
1736510631810 0.0003291203756816685 94
1736510632258 0.0003242171078454703 95
1736510632706 0.00032488195574842393 96
1736510633157 0.00032506181742064655 97
1736510633615 0.00032539915991947055 98
1736510634062 0.00034564180532470345 99
