1736510587770 0.2971293032169342 0
1736510588233 0.10502157360315323 1
1736510588727 0.06569880992174149 2
1736510589252 0.05179542675614357 3
1736510589720 0.04859533533453941 4
1736510590172 0.046479396522045135 5
1736510590652 0.044045109301805496 6
1736510591128 0.04196973145008087 7
1736510591603 0.04035636782646179 8
1736510592093 0.038963913917541504 9
1736510592598 0.03782480210065842 10
1736510593081 0.03682404011487961 11
1736510593596 0.03602223843336105 12
1736510594048 0.03492410108447075 13
1736510594505 0.033872492611408234 14
1736510594959 0.03283819928765297 15
1736510595409 0.031928736716508865 16
1736510595888 0.030988605692982674 17
1736510596355 0.030197372660040855 18
1736510596804 0.02917460724711418 19
1736510597257 0.028269654139876366 20
1736510597710 0.027445023879408836 21
1736510598161 0.026675544679164886 22
1736510598605 0.026063159108161926 23
1736510599058 0.02535117231309414 24
1736510599547 0.024614738300442696 25
1736510600013 0.02428973652422428 26
1736510600460 0.02361834980547428 27
1736510600908 0.02301040105521679 28
1736510601360 0.022848960012197495 29
1736510601848 0.02237335778772831 30
1736510602296 0.02191130258142948 31
1736510602755 0.02168678492307663 32
1736510603238 0.020999042317271233 33
1736510603691 0.020611552521586418 34
1736510604142 0.02030552551150322 35
1736510604586 0.01997457444667816 36
1736510605040 0.019472230225801468 37
1736510605491 0.01920117437839508 38
1736510605945 0.018991509452462196 39
1736510606412 0.018829917535185814 40
1736510606923 0.018765149638056755 41
1736510607443 0.01833484135568142 42
1736510607968 0.01830219104886055 43
1736510608500 0.01763005182147026 44
1736510608979 0.016984563320875168 45
1736510609448 0.016923213377594948 46
1736510609933 0.016228878870606422 47
1736510610427 0.01657087728381157 48
1736510610882 0.016100965440273285 49
1736510611367 0.015577091835439205 50
1736510611825 0.015697715803980827 51
1736510612284 0.016490234062075615 52
1736510612777 0.015849649906158447 53
1736510613319 0.015130150131881237 54
1736510613828 0.014256550930440426 55
1736510614285 0.01391136460006237 56
1736510614786 0.014154750853776932 57
1736510615242 0.014082472771406174 58
1736510615695 0.016139524057507515 59
1736510616171 0.02223314717411995 60
1736510616623 0.015584300272166729 61
1736510617108 0.014089804142713547 62
1736510617570 0.013173985294997692 63
1736510618019 0.012779977172613144 64
1736510618470 0.013042766600847244 65
1736510618949 0.013260135427117348 66
1736510619398 0.012523259036242962 67
1736510619841 0.01243622601032257 68
1736510620309 0.01274637971073389 69
1736510620787 0.012486228719353676 70
1736510621247 0.011651978828012943 71
1736510621697 0.01171867549419403 72
1736510622146 0.011485750786960125 73
1736510622598 0.011826382018625736 74
1736510623044 0.011112028732895851 75
1736510623496 0.011217551305890083 76
1736510623961 0.011354438029229641 77
1736510624444 0.012101175263524055 78
1736510624894 0.012053168378770351 79
1736510625346 0.014078662730753422 80
1736510625797 0.022481810301542282 81
1736510626255 0.025247501209378242 82
1736510626702 0.02607308328151703 83
1736510627180 0.018598351627588272 84
1736510627671 0.016227753832936287 85
1736510628136 0.016489887610077858 86
1736510628583 0.014478887431323528 87
1736510629047 0.013213999569416046 88
1736510629500 0.01126035489141941 89
1736510629955 0.01078906748443842 90
1736510630404 0.010517732240259647 91
1736510630879 0.009914606809616089 92
1736510631358 0.009737365879118443 93
1736510631810 0.010074188932776451 94
1736510632258 0.009758972562849522 95
1736510632706 0.010086053051054478 96
1736510633157 0.01018518302589655 97
1736510633615 0.010077322833240032 98
1736510634062 0.01118534430861473 99
