1736427486518 0.2362462431192398 0
1736427487305 0.023485327139496803 1
1736427488066 0.013144610449671745 2
1736427488832 0.00974151212722063 3
1736427489616 0.00816709827631712 4
1736427490386 0.0071236309595406055 5
1736427491143 0.006245756056159735 6
1736427491887 0.005532647483050823 7
1736427492668 0.00492490641772747 8
1736427493432 0.004425079561769962 9
1736427494187 0.0040047140792012215 10
1736427494929 0.0036378768272697926 11
1736427495675 0.0033082705922424793 12
1736427496459 0.003012742381542921 13
1736427497265 0.002760115312412381 14
1736427498023 0.002555775921791792 15
1736427498821 0.002396632917225361 16
1736427499647 0.0022502532228827477 17
1736427500481 0.002111635636538267 18
1736427501244 0.001976512372493744 19
1736427501986 0.0018735313788056374 20
1736427502743 0.001895727589726448 21
1736427503523 0.0017768052639439702 22
1736427504273 0.001646876335144043 23
1736427505034 0.0015419450355693698 24
1736427505798 0.0014707549707964063 25
1736427506567 0.001446079695597291 26
1736427507325 0.0013677531387656927 27
1736427508075 0.001303511904552579 28
1736427508828 0.0012554317945614457 29
1736427509596 0.0013102234806865454 30
1736427510364 0.001240081386640668 31
1736427511100 0.001516604912467301 32
1736427511862 0.0017870243173092604 33
1736427512605 0.001148089999333024 34
1736427513386 0.0011524851433932781 35
1736427514140 0.0011712812120094895 36
1736427514892 0.0010583035182207823 37
1736427515635 0.0009497166611254215 38
1736427516397 0.0009351598564535379 39
1736427517171 0.0008988186018541455 40
1736427517923 0.0008470547036267817 41
1736427518668 0.0008241926552727818 42
1736427519428 0.0008148436318151653 43
1736427520210 0.0009616986499167979 44
1736427520968 0.0010193450143560767 45
1736427521718 0.000856216240208596 46
1736427522480 0.0008134096278809011 47
1736427523259 0.0007499172352254391 48
1736427524013 0.000722744211088866 49
1736427524751 0.0006808065227232873 50
1736427525506 0.0006848430493846536 51
1736427526253 0.0006670194561593235 52
1736427527051 0.0007028073305264115 53
1736427527806 0.0010998856741935015 54
1736427528552 0.0011295024305582047 55
1736427529299 0.0007059347117319703 56
1736427530083 0.0006078407750464976 57
1736427530843 0.000581243191845715 58
1736427531596 0.0006017351406626403 59
1736427532355 0.0005686656222678721 60
1736427533134 0.0005519164260476828 61
1736427533891 0.0005461986293084919 62
1736427534641 0.000526097952388227 63
1736427535419 0.000517412438057363 64
1736427536194 0.0005192599492147565 65
1736427536962 0.0005021712277084589 66
1736427537711 0.0005010945606045425 67
1736427538470 0.0005325974780134857 68
1736427539231 0.000512148137204349 69
1736427539996 0.0005004629492759705 70
1736427540755 0.0006026932969689369 71
1736427541521 0.0006360518746078014 72
1736427542294 0.0005089083570055664 73
1736427543098 0.0005308323889039457 74
1736427543838 0.0007474594749510288 75
1736427544598 0.0004895887686870992 76
1736427545377 0.00047362828627228737 77
1736427546175 0.0004903466324321926 78
1736427546967 0.00048015316133387387 79
1736427547729 0.0004894797457382083 80
1736427548519 0.00048046992742456496 81
1736427549284 0.0004929238348267972 82
1736427550042 0.0005304622463881969 83
1736427550804 0.0004484733217395842 84
1736427551584 0.00041531561873853207 85
1736427552350 0.00038755766581743956 86
1736427553109 0.0003732194018084556 87
1736427553862 0.00041728062205947936 88
1736427554648 0.0005214203265495598 89
1736427555411 0.0004956336342729628 90
1736427556164 0.0004544445255305618 91
1736427556928 0.00036749447463080287 92
1736427557726 0.00038141405093483627 93
1736427558474 0.0004846052615903318 94
1736427559261 0.0005255186697468162 95
1736427560102 0.0004571048484649509 96
1736427560881 0.0004468047118280083 97
1736427561645 0.0004819912137463689 98
1736427562412 0.00035099717206321657 99
