1736427486518 0.306448370218277 0
1736427487305 0.10105930268764496 1
1736427488066 0.06469865888357162 2
1736427488832 0.05033423751592636 3
1736427489616 0.046991605311632156 4
1736427490386 0.04482070356607437 5
1736427491143 0.04317460209131241 6
1736427491887 0.041658103466033936 7
1736427492668 0.040278468281030655 8
1736427493432 0.03887685760855675 9
1736427494187 0.037554290145635605 10
1736427494929 0.0361812487244606 11
1736427495675 0.034749727696180344 12
1736427496459 0.03330371528863907 13
1736427497265 0.0318538099527359 14
1736427498023 0.030764300376176834 15
1736427498821 0.029913565143942833 16
1736427499647 0.02907596528530121 17
1736427500481 0.02829262986779213 18
1736427501244 0.02724522538483143 19
1736427501986 0.02650514990091324 20
1736427502743 0.027482731267809868 21
1736427503523 0.02654983289539814 22
1736427504273 0.025382954627275467 23
1736427505034 0.02419125847518444 24
1736427505798 0.02363036759197712 25
1736427506567 0.023834848776459694 26
1736427507325 0.022822154685854912 27
1736427508075 0.022133149206638336 28
1736427508828 0.02183549478650093 29
1736427509596 0.02317454107105732 30
1736427510364 0.0225144661962986 31
1736427511100 0.025567978620529175 32
1736427511862 0.029218465089797974 33
1736427512605 0.021083444356918335 34
1736427513386 0.021909648552536964 35
1736427514140 0.021848386153578758 36
1736427514892 0.020552264526486397 37
1736427515635 0.018632877618074417 38
1736427516397 0.018621213734149933 39
1736427517171 0.018049128353595734 40
1736427517923 0.01721774972975254 41
1736427518668 0.017101207748055458 42
1736427519428 0.017049135640263557 43
1736427520210 0.02029527723789215 44
1736427520968 0.02119552530348301 45
1736427521718 0.018342209979891777 46
1736427522480 0.017612045630812645 47
1736427523259 0.01651446335017681 48
1736427524013 0.016134317964315414 49
1736427524751 0.015293309465050697 50
1736427525506 0.01554942037910223 51
1736427526253 0.015292907133698463 52
1736427527051 0.016375673934817314 53
1736427527806 0.0223862212151289 54
1736427528552 0.02340216375887394 55
1736427529299 0.016826925799250603 56
1736427530083 0.014284593053162098 57
1736427530843 0.013734998181462288 58
1736427531596 0.014729992486536503 59
1736427532355 0.013872497715055943 60
1736427533134 0.013565298169851303 61
1736427533891 0.013429448008537292 62
1736427534641 0.013161463662981987 63
1736427535419 0.012778695672750473 64
1736427536194 0.013127843849360943 65
1736427536962 0.01268467865884304 66
1736427537711 0.01300309132784605 67
1736427538470 0.01409491803497076 68
1736427539231 0.01339817326515913 69
1736427539996 0.01316090114414692 70
1736427540755 0.015933578833937645 71
1736427541521 0.016621744260191917 72
1736427542294 0.013484780676662922 73
1736427543098 0.014206827618181705 74
1736427543838 0.0191210824996233 75
1736427544598 0.013208121061325073 76
1736427545377 0.012532830238342285 77
1736427546175 0.01336759701371193 78
1736427546967 0.013586098328232765 79
1736427547729 0.013188132084906101 80
1736427548519 0.01390128768980503 81
1736427549284 0.01385088823735714 82
1736427550042 0.014911003410816193 83
1736427550804 0.012689788825809956 84
1736427551584 0.012033230625092983 85
1736427552350 0.011256380006670952 86
1736427553109 0.010719486512243748 87
1736427553862 0.012050159275531769 88
1736427554648 0.015253659337759018 89
1736427555411 0.01407533511519432 90
1736427556164 0.012940758839249611 91
1736427556928 0.010996007360517979 92
1736427557726 0.011136150918900967 93
1736427558474 0.014254731126129627 94
1736427559261 0.01498226635158062 95
1736427560102 0.014097432605922222 96
1736427560881 0.01326737366616726 97
1736427561645 0.015003859996795654 98
1736427562412 0.010903443209826946 99
