1736472265959 0.15171027183532715 0
1736472266601 0.0193022470921278 1
1736472267171 0.010913539677858353 2
1736472267696 0.008393513970077038 3
1736472268204 0.006894379388540983 4
1736472268715 0.0058140382170677185 5
1736472269249 0.004995759576559067 6
1736472269838 0.004361202009022236 7
1736472270378 0.003860008902847767 8
1736472270913 0.003434566780924797 9
1736472271459 0.0030844486318528652 10
1736472272002 0.0028028832748532295 11
1736472272545 0.002572715748101473 12
1736472273089 0.002367804292589426 13
1736472273691 0.0021837670356035233 14
1736472274244 0.0020300494506955147 15
1736472274794 0.001938626985065639 16
1736472275326 0.0018089852528646588 17
1736472275865 0.0017977375537157059 18
1736472276413 0.0016599823720753193 19
1736472276990 0.0015565906651318073 20
1736472277565 0.001459290157072246 21
1736472278105 0.0013901052298024297 22
1736472278653 0.001325921155512333 23
1736472279181 0.0012653669109568 24
1736472279699 0.0012704641558229923 25
1736472280223 0.001245733816176653 26
1736472280779 0.0011199438013136387 27
1736472281313 0.0011896230280399323 28
1736472281839 0.0010404670611023903 29
1736472282367 0.0011162837035953999 30
1736472282885 0.0010781004093587399 31
1736472283413 0.0011285444488748908 32
1736472283961 0.001024608383886516 33
1736472284530 0.0010680871782824397 34
1736472285055 0.0009399295668117702 35
1736472285577 0.0008337107137776911 36
1736472286102 0.000812744430731982 37
1736472286626 0.0007399346795864403 38
1736472287151 0.0007253484800457954 39
1736472287740 0.0007115495391190052 40
1736472288294 0.0006760972901247442 41
1736472288847 0.0006727039581164718 42
1736472289395 0.0006695865886285901 43
1736472289944 0.0006758473464287817 44
1736472290508 0.0007674049702472985 45
1736472291086 0.0007016528397798538 46
1736472291689 0.000602544576395303 47
1736472292224 0.000579805753659457 48
1736472292854 0.0005591614171862602 49
1736472293383 0.0005365138640627265 50
1736472293910 0.0005497891688719392 51
1736472294448 0.0005308172549121082 52
1736472295065 0.0005280542536638677 53
1736472295600 0.0005333657609298825 54
1736472296143 0.0005067310412414372 55
1736472296685 0.0005990536301396787 56
1736472297209 0.0008127367473207414 57
1736472297771 0.0005859553348273039 58
1736472298299 0.0005090891500003636 59
1736472298826 0.0004459111951291561 60
1736472299407 0.0004576699575409293 61
1736472299954 0.0005891922628507018 62
1736472300488 0.001187315909191966 63
1736472301040 0.0007772896788083017 64
1736472301587 0.0005086009041406214 65
1736472302187 0.000579701503738761 66
1736472302752 0.0005237156292423606 67
1736472303352 0.0004229096230119467 68
1736472303974 0.0006977522862143815 69
1736472304525 0.0007023486541584134 70
1736472305089 0.0008757275063544512 71
1736472305640 0.0005258824676275253 72
1736472306191 0.001139834988862276 73
1736472306892 0.0010045082308351994 74
1736472307457 0.0008069228497333825 75
1736472308036 0.0005208357470110059 76
1736472308590 0.00044002148206345737 77
1736472309192 0.0003943325427826494 78
1736472309827 0.0003854934184346348 79
1736472310426 0.00045827063149772584 80
1736472310982 0.00035697786370292306 81
1736472311548 0.0003383493749424815 82
1736472312127 0.00033536512637510896 83
1736472312670 0.0003374875523149967 84
1736472313253 0.0003567514067981392 85
1736472313860 0.0003276475763414055 86
1736472314431 0.0003527144144754857 87
1736472314996 0.0007627985905855894 88
1736472315592 0.0004729020001832396 89
1736472316209 0.00036463639116846025 90
1736472316792 0.0003729531599674374 91
1736472317386 0.0003256635391153395 92
1736472318021 0.00044681658619083464 93
1736472318608 0.0003809851477853954 94
1736472319204 0.0004311483062338084 95
1736472319900 0.0003324190329294652 96
1736472320502 0.00031234114430844784 97
1736472321159 0.00033195363357663155 98
1736472321803 0.0003051267995033413 99
