1736472265959 0.2521095275878906 0
1736472266601 0.08531033992767334 1
1736472267171 0.0563068687915802 2
1736472267696 0.04935896769165993 3
1736472268204 0.04593321308493614 4
1736472268715 0.04294377192854881 5
1736472269249 0.04099663719534874 6
1736472269838 0.039135415107011795 7
1736472270378 0.03741149231791496 8
1736472270913 0.03557155281305313 9
1736472271459 0.0337560698390007 10
1736472272002 0.032181914895772934 11
1736472272545 0.03092653676867485 12
1736472273089 0.02975684590637684 13
1736472273691 0.028444962576031685 14
1736472274244 0.027417324483394623 15
1736472274794 0.027065077796578407 16
1736472275326 0.026272371411323547 17
1736472275865 0.026624154299497604 18
1736472276413 0.025679755955934525 19
1736472276990 0.024474257603287697 20
1736472277565 0.023702487349510193 21
1736472278105 0.02305501699447632 22
1736472278653 0.022435879334807396 23
1736472279181 0.021906767040491104 24
1736472279699 0.022136732935905457 25
1736472280223 0.022747915238142014 26
1736472280779 0.0204774159938097 27
1736472281313 0.021609598770737648 28
1736472281839 0.019683197140693665 29
1736472282367 0.02136792242527008 30
1736472282885 0.021098244935274124 31
1736472283413 0.02156849578022957 32
1736472283961 0.020899001508951187 33
1736472284530 0.020894350484013557 34
1736472285055 0.019542651250958443 35
1736472285577 0.01732667163014412 36
1736472286102 0.017573421820998192 37
1736472286626 0.016156818717718124 38
1736472287151 0.01580248586833477 39
1736472287740 0.015722408890724182 40
1736472288294 0.01520366221666336 41
1736472288847 0.015128140337765217 42
1736472289395 0.015847286209464073 43
1736472289944 0.015277517959475517 44
1736472290508 0.01789158582687378 45
1736472291086 0.01698930934071541 46
1736472291689 0.014336285181343555 47
1736472292224 0.01424575038254261 48
1736472292854 0.013891923241317272 49
1736472293383 0.012975363060832024 50
1736472293910 0.013741585426032543 51
1736472294448 0.013059001415967941 52
1736472295065 0.013025243766605854 53
1736472295600 0.013548333197832108 54
1736472296143 0.012791819870471954 55
1736472296685 0.014576243236660957 56
1736472297209 0.018667107447981834 57
1736472297771 0.01570707932114601 58
1736472298299 0.013922260142862797 59
1736472298826 0.011619132943451405 60
1736472299407 0.011888944543898106 61
1736472299954 0.015047541819512844 62
1736472300488 0.02445954456925392 63
1736472301040 0.018455736339092255 64
1736472301587 0.014439156278967857 65
1736472302187 0.01493013370782137 66
1736472302752 0.014778461307287216 67
1736472303352 0.011569369584321976 68
1736472303974 0.01814134232699871 69
1736472304525 0.017182860523462296 70
1736472305089 0.020750179886817932 71
1736472305640 0.014865451492369175 72
1736472306191 0.024258600547909737 73
1736472306892 0.02104952372610569 74
1736472307457 0.019989272579550743 75
1736472308036 0.014984095469117165 76
1736472308590 0.012792110443115234 77
1736472309192 0.011727283708751202 78
1736472309827 0.01151903998106718 79
1736472310426 0.01357802003622055 80
1736472310982 0.010526035912334919 81
1736472311548 0.009948152117431164 82
1736472312127 0.01010081171989441 83
1736472312670 0.010255795903503895 84
1736472313253 0.011213203892111778 85
1736472313860 0.010082886554300785 86
1736472314431 0.010684830136597157 87
1736472314996 0.018671246245503426 88
1736472315592 0.014499676413834095 89
1736472316209 0.011615526862442493 90
1736472316792 0.011674905195832253 91
1736472317386 0.010581457056105137 92
1736472318021 0.01383201777935028 93
1736472318608 0.012261031195521355 94
1736472319204 0.014052178710699081 95
1736472319900 0.011271961964666843 96
1736472320502 0.010559397749602795 97
1736472321159 0.010638497769832611 98
1736472321803 0.010214651934802532 99
