1736471010565 0.42973947525024414 0
1736471010926 0.04939649626612663 1
1736471011281 0.02532816305756569 2
1736471011674 0.01774134859442711 3
1736471012034 0.014102349057793617 4
1736471012353 0.0121480543166399 5
1736471012708 0.01081125345081091 6
1736471013044 0.009713050909340382 7
1736471013324 0.00879431702196598 8
1736471013613 0.008062746375799179 9
1736471013949 0.007396320812404156 10
1736471014322 0.006823316682130098 11
1736471014678 0.006316730752587318 12
1736471015050 0.005884296726435423 13
1736471015420 0.005479754414409399 14
1736471015774 0.005117053631693125 15
1736471016121 0.004796868190169334 16
1736471016461 0.004505456890910864 17
1736471016829 0.004243415780365467 18
1736471017165 0.004021249711513519 19
1736471017497 0.0037955709267407656 20
1736471017842 0.0036214871797710657 21
1736471018172 0.0034368957858532667 22
1736471018501 0.003276396542787552 23
1736471018815 0.003141150576993823 24
1736471019200 0.0029709134250879288 25
1736471019610 0.002840217901393771 26
1736471019971 0.002711755223572254 27
1736471020355 0.0025955287273973227 28
1736471020735 0.002494173590093851 29
1736471021088 0.002394095528870821 30
1736471021448 0.002290756208822131 31
1736471021834 0.002207675715908408 32
1736471022171 0.002115673618391156 33
1736471022519 0.0020343991927802563 34
1736471022906 0.0019639302045106888 35
1736471023257 0.0018844485748559237 36
1736471023617 0.00181422324385494 37
1736471023967 0.0017550853081047535 38
1736471024344 0.0016877539455890656 39
1736471024708 0.001632161089219153 40
1736471025052 0.001575708040036261 41
1736471025402 0.0015218919143080711 42
1736471025813 0.0014685881324112415 43
1736471026156 0.0014338928740471601 44
1736471026518 0.0013778291177004576 45
1736471026856 0.0013313533272594213 46
1736471027214 0.0013009331887587905 47
1736471027557 0.0012648295378312469 48
1736471027922 0.0012259631184861064 49
