1736471010565 0.39677101373672485 0
1736471010926 0.148728147149086 1
1736471011281 0.08354055881500244 2
1736471011674 0.06758543103933334 3
1736471012034 0.06084868684411049 4
1736471012353 0.05766935646533966 5
1736471012708 0.055384762585163116 6
1736471013044 0.05290387198328972 7
1736471013324 0.05034777149558067 8
1736471013613 0.04856756702065468 9
1736471013949 0.046661075204610825 10
1736471014322 0.0451592318713665 11
1736471014678 0.043752364814281464 12
1736471015050 0.042645253241062164 13
1736471015420 0.04162704572081566 14
1736471015774 0.040617868304252625 15
1736471016121 0.03967299312353134 16
1736471016461 0.0388810858130455 17
1736471016829 0.03800935298204422 18
1736471017165 0.03744350001215935 19
1736471017497 0.036464907228946686 20
1736471017842 0.035955484956502914 21
1736471018172 0.03526836261153221 22
1736471018501 0.03436163067817688 23
1736471018815 0.033996518701314926 24
1736471019200 0.032982997596263885 25
1736471019610 0.03225547820329666 26
1736471019971 0.031448133289813995 27
1736471020355 0.03084658645093441 28
1736471020735 0.03019694611430168 29
1736471021088 0.029603658244013786 30
1736471021448 0.028943117707967758 31
1736471021834 0.028339091688394547 32
1736471022171 0.027806196361780167 33
1736471022519 0.02720608562231064 34
1736471022906 0.0267497431486845 35
1736471023257 0.02615845575928688 36
1736471023617 0.025594579055905342 37
1736471023967 0.025283196941018105 38
1736471024344 0.024675434455275536 39
1736471024708 0.024503039196133614 40
1736471025052 0.023856166750192642 41
1736471025402 0.023476144298911095 42
1736471025813 0.02298363856971264 43
1736471026156 0.022782422602176666 44
1736471026518 0.022286824882030487 45
1736471026856 0.02191896177828312 46
1736471027214 0.02173837088048458 47
1736471027557 0.02141888625919819 48
1736471027922 0.021164968609809875 49
