1736470968293 0.32223451137542725 0
1736470968658 0.07609464973211288 1
1736470968927 0.03584340959787369 2
1736470969178 0.02215159498155117 3
1736470969536 0.01739809289574623 4
1736470969825 0.014457707293331623 5
1736470970093 0.012282922863960266 6
1736470970341 0.0107071902602911 7
1736470970626 0.009493628516793251 8
1736470970889 0.008562454953789711 9
1736470971182 0.007867689244449139 10
1736470971511 0.007266530301421881 11
1736470971837 0.006768049672245979 12
1736470972193 0.00633940240368247 13
1736470972589 0.005959652829915285 14
1736470972916 0.0056073940359056 15
1736470973250 0.005299206357449293 16
1736470973557 0.005006903316825628 17
1736470973863 0.004761011805385351 18
1736470974202 0.004513670690357685 19
1736470974530 0.004299840424209833 20
1736470974814 0.0040933662094175816 21
1736470975084 0.0038982362020760775 22
1736470975360 0.003725031390786171 23
1736470975655 0.003551766974851489 24
1736470975920 0.003395166015252471 25
1736470976208 0.003246170235797763 26
1736470976478 0.0030981022864580154 27
1736470976731 0.0029674444813281298 28
1736470976995 0.0028546543326228857 29
1736470977245 0.002724442398175597 30
1736470977499 0.002613566815853119 31
1736470977748 0.0025130524300038815 32
1736470977995 0.002412013942375779 33
1736470978308 0.002322371117770672 34
1736470978593 0.002234621671959758 35
1736470978848 0.002150872955098748 36
1736470979098 0.0020744064822793007 37
1736470979347 0.0020002450328320265 38
1736470979600 0.0019360203295946121 39
1736470979859 0.0018742320826277137 40
1736470980205 0.0018132245168089867 41
1736470980553 0.0017586491303518414 42
1736470980856 0.0016960162902250886 43
1736470981190 0.0016501090722158551 44
1736470981551 0.0015855024103075266 45
1736470981898 0.0015413148794323206 46
1736470982217 0.0014997508842498064 47
1736470982567 0.0014572780346497893 48
1736470983037 0.0014121768763288856 49
