1736470968293 0.39118632674217224 0
1736470968658 0.18599455058574677 1
1736470968927 0.11312814801931381 2
1736470969178 0.08378012478351593 3
1736470969536 0.0710626021027565 4
1736470969825 0.06375723332166672 5
1736470970093 0.057415660470724106 6
1736470970341 0.05401529744267464 7
1736470970626 0.0511995293200016 8
1736470970889 0.04889346659183502 9
1736470971182 0.047362178564071655 10
1736470971511 0.045839883387088776 11
1736470971837 0.04463149234652519 12
1736470972193 0.043459001928567886 13
1736470972589 0.042376983910799026 14
1736470972916 0.041405320167541504 15
1736470973250 0.04049409553408623 16
1736470973557 0.03950711339712143 17
1736470973863 0.03877086192369461 18
1736470974202 0.03773456811904907 19
1736470974530 0.03706563636660576 20
1736470974814 0.03618055582046509 21
1736470975084 0.035493649542331696 22
1736470975360 0.0348372608423233 23
1736470975655 0.034112922847270966 24
1736470975920 0.03356871381402016 25
1736470976208 0.03289032727479935 26
1736470976478 0.03226089850068092 27
1736470976731 0.03182816877961159 28
1736470976995 0.03126334398984909 29
1736470977245 0.03062404692173004 30
1736470977499 0.030155252665281296 31
1736470977748 0.029612107202410698 32
1736470977995 0.02921203337609768 33
1736470978308 0.028713658452033997 34
1736470978593 0.02830941043794155 35
1736470978848 0.02780129574239254 36
1736470979098 0.027392102405428886 37
1736470979347 0.02696472965180874 38
1736470979600 0.026670221239328384 39
1736470979859 0.026379069313406944 40
1736470980205 0.026012293994426727 41
1736470980553 0.02555146813392639 42
1736470980856 0.025227965787053108 43
1736470981190 0.02489538863301277 44
1736470981551 0.024445241317152977 45
1736470981898 0.02416907250881195 46
1736470982217 0.02385963499546051 47
1736470982567 0.023552173748612404 48
1736470983037 0.023349106311798096 49
