1736509705303 0.374463826417923 0
1736509705697 0.045139264315366745 1
1736509706060 0.022436771541833878 2
1736509706518 0.015571254305541515 3
1736509706994 0.012744353152811527 4
1736509707381 0.011173171922564507 5
1736509707755 0.010059504769742489 6
1736509708098 0.009187375195324421 7
1736509708431 0.008444306440651417 8
1736509708774 0.0077466582879424095 9
1736509709104 0.007149253971874714 10
1736509709459 0.006589607801288366 11
1736509709926 0.006112080533057451 12
1736509710304 0.005664798431098461 13
1736509710670 0.005256109405308962 14
1736509711078 0.00490434980019927 15
1736509711456 0.004575316794216633 16
1736509711849 0.004282509442418814 17
1736509712219 0.004035805352032185 18
1736509712568 0.003768922295421362 19
1736509712933 0.0035570247564464808 20
1736509713322 0.0033469959162175655 21
1736509713689 0.003155707148835063 22
1736509714057 0.0029781393241137266 23
1736509714416 0.002817491302266717 24
1736509714818 0.002691417932510376 25
1736509715221 0.0025681378319859505 26
1736509715582 0.0024087943602353334 27
1736509715939 0.0022974838502705097 28
1736509716298 0.0021767858415842056 29
1736509716751 0.002080668229609728 30
1736509717224 0.0019783128518611193 31
1736509717607 0.0018881655996665359 32
1736509717993 0.001817758078686893 33
1736509718417 0.0017439522780478 34
1736509718817 0.0016603316180408 35
1736509719251 0.0015880289720371366 36
1736509719791 0.0015236225444823503 37
1736509720235 0.0014699639286845922 38
1736509720747 0.0014121043495833874 39
1736509721156 0.0013569319853559136 40
1736509721609 0.0013091872679069638 41
1736509722114 0.001258698757737875 42
1736509722594 0.0012233105953782797 43
1736509723076 0.0011835605837404728 44
1736509723553 0.0011498578824102879 45
1736509724150 0.001108077703975141 46
1736509724656 0.001072371145710349 47
1736509725185 0.0010405175853520632 48
1736509725648 0.0010100443614646792 49
1736509726113 0.0009866537293419242 50
1736509726543 0.0009564119973219931 51
1736509727043 0.0009286787826567888 52
1736509727541 0.0009049843647517264 53
1736509728036 0.0008825372788123786 54
1736509728501 0.0008587908814661205 55
1736509729005 0.0008430020534433424 56
1736509729502 0.000832904304843396 57
1736509730000 0.0008146807667799294 58
1736509730491 0.0007940788636915386 59
1736509730959 0.0007730781799182296 60
1736509731431 0.0007895137532614172 61
1736509731811 0.0007516237674281001 62
1736509732327 0.0007375016575679183 63
1736509732752 0.0007204280700534582 64
1736509733219 0.0006997229065746069 65
1736509733642 0.0006860181456431746 66
1736509733991 0.0006818590918555856 67
1736509734426 0.0006724984850734472 68
1736509734828 0.0006506199133582413 69
1736509735324 0.0006345628062263131 70
1736509735741 0.0006266062264330685 71
1736509736135 0.0006120032630860806 72
1736509736535 0.000641750346403569 73
1736509737002 0.0006249445141293108 74
1736509737495 0.0005893342895433307 75
1736509737875 0.0005763581139035523 76
1736509738216 0.0005621325108222663 77
1736509738641 0.0006012869416736066 78
1736509738993 0.0006886902265250683 79
1736509739419 0.0005607111379504204 80
1736509739814 0.0005503058200702071 81
1736509740327 0.0005293378490023315 82
1736509740812 0.0005347285186871886 83
1736509741220 0.0005405687843449414 84
1736509741704 0.0005031424225308001 85
1736509742045 0.0005076183006167412 86
1736509742464 0.0005028780433349311 87
1736509742947 0.0004811819817405194 88
1736509743377 0.0004839512112084776 89
1736509743859 0.00047044208622537553 90
1736509744381 0.0004706429608631879 91
1736509744775 0.0004619019164238125 92
1736509745186 0.00046535441651940346 93
1736509745582 0.0004501663788687438 94
1736509745983 0.0004359924350865185 95
1736509746405 0.000429643492680043 96
1736509746767 0.0004231529892422259 97
1736509747125 0.00042952661169692874 98
1736509747491 0.00042928627226501703 99
