1736509705303 0.3731440007686615 0
1736509705697 0.14290015399456024 1
1736509706060 0.0872916653752327 2
1736509706518 0.0648643970489502 3
1736509706994 0.05737680941820145 4
1736509707381 0.05448712781071663 5
1736509707755 0.05258176848292351 6
1736509708098 0.0506846085190773 7
1736509708431 0.04883240535855293 8
1736509708774 0.046782076358795166 9
1736509709104 0.045113369822502136 10
1736509709459 0.04326130077242851 11
1736509709926 0.0418388731777668 12
1736509710304 0.040278322994709015 13
1736509710670 0.03891155496239662 14
1736509711078 0.037641752511262894 15
1736509711456 0.036691565066576004 16
1736509711849 0.03561319783329964 17
1736509712219 0.03475048765540123 18
1736509712568 0.0336938239634037 19
1736509712933 0.03293278440833092 20
1736509713322 0.03214961662888527 21
1736509713689 0.03126820549368858 22
1736509714057 0.03045954555273056 23
1736509714416 0.029744597151875496 24
1736509714818 0.029176130890846252 25
1736509715221 0.028805287554860115 26
1736509715582 0.027913914993405342 27
1736509715939 0.02723400481045246 28
1736509716298 0.02656995691359043 29
1736509716751 0.02612069994211197 30
1736509717224 0.025491846725344658 31
1736509717607 0.024920901283621788 32
1736509717993 0.024598676711320877 33
1736509718417 0.024325774982571602 34
1736509718817 0.023736491799354553 35
1736509719251 0.023157266899943352 36
1736509719791 0.02263573370873928 37
1736509720235 0.022249087691307068 38
1736509720747 0.021857764571905136 39
1736509721156 0.02140010893344879 40
1736509721609 0.021052666008472443 41
1736509722114 0.020652160048484802 42
1736509722594 0.02036513015627861 43
1736509723076 0.020094113424420357 44
1736509723553 0.019887488335371017 45
1736509724150 0.019452687352895737 46
1736509724656 0.019272813573479652 47
1736509725185 0.018898217007517815 48
1736509725648 0.018634652718901634 49
1736509726113 0.01851809024810791 50
1736509726543 0.018138401210308075 51
1736509727043 0.017943356186151505 52
1736509727541 0.017721762880682945 53
1736509728036 0.017492089420557022 54
1736509728501 0.01718749850988388 55
1736509729005 0.017111152410507202 56
1736509729502 0.016974037513136864 57
1736509730000 0.016976837068796158 58
1736509730491 0.016714034602046013 59
1736509730959 0.016255099326372147 60
1736509731431 0.016778234392404556 61
1736509731811 0.016285568475723267 62
1736509732327 0.015887415036559105 63
1736509732752 0.0157284215092659 64
1736509733219 0.015579854138195515 65
1736509733642 0.015362454578280449 66
1736509733991 0.015298661775887012 67
1736509734426 0.015256603248417377 68
1736509734828 0.014825701713562012 69
1736509735324 0.014623260125517845 70
1736509735741 0.014392908662557602 71
1736509736135 0.014264636673033237 72
1736509736535 0.014983134344220161 73
1736509737002 0.014805978164076805 74
1736509737495 0.014154928736388683 75
1736509737875 0.013741999864578247 76
1736509738216 0.013543510809540749 77
1736509738641 0.014403149485588074 78
1736509738993 0.01696445234119892 79
1736509739419 0.014048171229660511 80
1736509739814 0.013649770058691502 81
1736509740327 0.013143477961421013 82
1736509740812 0.013613657094538212 83
1736509741220 0.01392995286732912 84
1736509741704 0.012836318463087082 85
1736509742045 0.013126707635819912 86
1736509742464 0.013200866989791393 87
1736509742947 0.012461073696613312 88
1736509743377 0.012428502552211285 89
1736509743859 0.01217933464795351 90
1736509744381 0.012303599156439304 91
1736509744775 0.012279985472559929 92
1736509745186 0.012198650278151035 93
1736509745582 0.011966616846621037 94
1736509745983 0.011558973230421543 95
1736509746405 0.011447114869952202 96
1736509746767 0.011252136901021004 97
1736509747125 0.011605028994381428 98
1736509747491 0.011650623753666878 99
