1736511712906 0.18240267038345337 0
1736511713367 0.024959340691566467 1
1736511713988 0.014152330346405506 2
1736511714551 0.01070291269570589 3
1736511715010 0.009061560966074467 4
1736511715498 0.008001702837646008 5
1736511715959 0.007177506107836962 6
1736511716419 0.006468333303928375 7
1736511716945 0.005862327758222818 8
1736511717462 0.005330323241651058 9
1736511717976 0.004855778068304062 10
1736511718510 0.004439510405063629 11
1736511719087 0.004093031864613295 12
1736511719688 0.003749535186216235 13
1736511720219 0.003461576532572508 14
1736511720894 0.0032187604811042547 15
1736511721456 0.0029847328551113605 16
1736511721968 0.002765672979876399 17
1736511722475 0.0025821514427661896 18
1736511722964 0.0024306559935212135 19
1736511723491 0.00227285735309124 20
1736511724073 0.002144387224689126 21
1736511724627 0.002024686662480235 22
1736511725124 0.0019192842300981283 23
1736511725651 0.0018029318889603019 24
1736511726164 0.0017204536125063896 25
1736511726707 0.0016286236932501197 26
1736511727216 0.0015477194683626294 27
1736511727780 0.0014817463234066963 28
1736511728367 0.001411776407621801 29
1736511728962 0.0013493332080543041 30
1736511729543 0.001291578751988709 31
1736511730075 0.0012480462901294231 32
1736511730605 0.0011955569498240948 33
1736511731129 0.001145441085100174 34
1736511731676 0.001126403920352459 35
1736511732248 0.0010790115920826793 36
1736511732774 0.001028495840728283 37
1736511733304 0.0010030812118202448 38
1736511733883 0.0009585089865140617 39
1736511734375 0.0009230225114151835 40
1736511734915 0.000904457934666425 41
1736511735548 0.0008782700169831514 42
1736511736072 0.0008824107935652137 43
1736511736562 0.000821138615719974 44
1736511737078 0.0008037244551815093 45
1736511737619 0.000829533499199897 46
1736511738083 0.000788414035923779 47
1736511738529 0.000765383942052722 48
1736511739014 0.0007118028588593006 49
1736511739525 0.0007140246452763677 50
1736511740066 0.0007300229044631124 51
1736511740539 0.0006617598119191825 52
1736511740988 0.0006247623823583126 53
1736511741430 0.0006105349748395383 54
1736511741894 0.0006001441506668925 55
1736511742407 0.0005932488711550832 56
1736511742899 0.0006288744625635445 57
1736511743440 0.0006117386510595679 58
1736511744021 0.0005911427433602512 59
1736511744557 0.0006267221178859472 60
1736511745082 0.0009350501350127161 61
1736511745609 0.0007875340525060892 62
1736511746092 0.0013828795636072755 63
1736511746594 0.0017507057636976242 64
1736511747158 0.0008886249270290136 65
1736511747659 0.0005760850035585463 66
1736511748180 0.0005098288529552519 67
1736511748679 0.0004876398015767336 68
1736511749173 0.00048756884643808007 69
1736511749657 0.0004670342896133661 70
1736511750150 0.0004544988041743636 71
1736511750622 0.00045346416300162673 72
1736511751186 0.00043812274816446006 73
1736511751710 0.0004334834811743349 74
1736511752201 0.0004273199010640383 75
1736511752688 0.0004166853323113173 76
1736511753179 0.000406865292461589 77
1736511753654 0.00043099120375700295 78
1736511754191 0.00042674661381170154 79
1736511754817 0.0004478566988836974 80
1736511755377 0.0004155403294134885 81
1736511755896 0.000450842926511541 82
1736511756450 0.00042690773261711 83
1736511756967 0.0005273110000416636 84
1736511757466 0.00047579381498508155 85
1736511757967 0.0004252864164300263 86
1736511758472 0.0003960012109018862 87
1736511759059 0.0003657916095107794 88
1736511759609 0.000349443347658962 89
1736511760131 0.00033571329549886286 90
1736511760631 0.0003496043791528791 91
1736511761125 0.00033905525924637914 92
1736511761620 0.0003321926051285118 93
1736511762103 0.0003435642283875495 94
1736511762665 0.000574093428440392 95
1736511763281 0.0005038164090365171 96
1736511763827 0.0005329636624082923 97
1736511764378 0.00042986759217455983 98
1736511764863 0.0003340856055729091 99
