1736511712906 0.27170678973197937 0
1736511713367 0.10472901910543442 1
1736511713988 0.06589218974113464 2
1736511714551 0.05374578759074211 3
1736511715010 0.05078079178929329 4
1736511715498 0.04873013123869896 5
1736511715959 0.04668135568499565 6
1736511716419 0.04468230530619621 7
1736511716945 0.04277617111802101 8
1736511717462 0.041108258068561554 9
1736511717976 0.03970621898770332 10
1736511718510 0.038459524512290955 11
1736511719087 0.03738502040505409 12
1736511719688 0.03601764515042305 13
1736511720219 0.03484201431274414 14
1736511720894 0.03393059968948364 15
1736511721456 0.03288035839796066 16
1736511721968 0.03153932839632034 17
1736511722475 0.030491767451167107 18
1736511722964 0.02968100644648075 19
1736511723491 0.0287063866853714 20
1736511724073 0.027866950258612633 21
1736511724627 0.027020160108804703 22
1736511725124 0.026567066088318825 23
1736511725651 0.025411754846572876 24
1736511726164 0.02487112767994404 25
1736511726707 0.024172509089112282 26
1736511727216 0.023493560031056404 27
1736511727780 0.02303023636341095 28
1736511728367 0.022358417510986328 29
1736511728962 0.02194902114570141 30
1736511729543 0.021438132971525192 31
1736511730075 0.02124840021133423 32
1736511730605 0.02076895348727703 33
1736511731129 0.020382260903716087 34
1736511731676 0.02044016867876053 35
1736511732248 0.020048122853040695 36
1736511732774 0.01937422901391983 37
1736511733304 0.01917598582804203 38
1736511733883 0.018663162365555763 39
1736511734375 0.01828077808022499 40
1736511734915 0.018314432352781296 41
1736511735548 0.017998090013861656 42
1736511736072 0.018922442570328712 43
1736511736562 0.01737571321427822 44
1736511737078 0.017140965908765793 45
1736511737619 0.018151262775063515 46
1736511738083 0.017614344134926796 47
1736511738529 0.016973983496427536 48
1736511739014 0.016063882037997246 49
1736511739525 0.016039015725255013 50
1736511740066 0.01717338152229786 51
1736511740539 0.015515166334807873 52
1736511740988 0.014544262550771236 53
1736511741430 0.014258017763495445 54
1736511741894 0.01436916459351778 55
1736511742407 0.01432771421968937 56
1736511742899 0.015044743195176125 57
1736511743440 0.014994277618825436 58
1736511744021 0.014685460366308689 59
1736511744557 0.015163133852183819 60
1736511745082 0.01891862228512764 61
1736511745609 0.018385091796517372 62
1736511746092 0.024256698787212372 63
1736511746594 0.02911168523132801 64
1736511747158 0.020968127995729446 65
1736511747659 0.015078835189342499 66
1736511748180 0.013253829441964626 67
1736511748679 0.012706226669251919 68
1736511749173 0.012700268998742104 69
1736511749657 0.012387869879603386 70
1736511750150 0.012129013426601887 71
1736511750622 0.012242215685546398 72
1736511751186 0.011915430426597595 73
1736511751710 0.01199639867991209 74
1736511752201 0.011850462295114994 75
1736511752688 0.011639311909675598 76
1736511753179 0.011106351390480995 77
1736511753654 0.012344041839241982 78
1736511754191 0.012214040383696556 79
1736511754817 0.012512439861893654 80
1736511755377 0.011864111758768559 81
1736511755896 0.013041343539953232 82
1736511756450 0.012109865434467793 83
1736511756967 0.01558549702167511 84
1736511757466 0.01420131791383028 85
1736511757967 0.012548009864985943 86
1736511758472 0.01181032694876194 87
1736511759059 0.011212470009922981 88
1736511759609 0.010522300377488136 89
1736511760131 0.010033861733973026 90
1736511760631 0.010788428597152233 91
1736511761125 0.010155763477087021 92
1736511761620 0.01019071415066719 93
1736511762103 0.010665527544915676 94
1736511762665 0.015722129493951797 95
1736511763281 0.01462497841566801 96
1736511763827 0.014204596169292927 97
1736511764378 0.01341493334621191 98
1736511764863 0.010799639858305454 99
