1736471298161 0.25731903314590454 0
1736471298526 0.05340893566608429 1
1736471298830 0.030491618439555168 2
1736471299161 0.021729441359639168 3
1736471299498 0.0171196348965168 4
1736471299838 0.014028854668140411 5
1736471300107 0.011995331384241581 6
1736471300358 0.010496895760297775 7
1736471300658 0.009327673353254795 8
1736471300912 0.00849707517772913 9
1736471301155 0.007826550863683224 10
1736471301464 0.007237650919705629 11
1736471301724 0.006756323389708996 12
1736471302023 0.00631457194685936 13
1736471302384 0.005938872694969177 14
1736471302763 0.005594801157712936 15
1736471303115 0.005274528171867132 16
1736471303463 0.004974136129021645 17
1736471303793 0.004716290161013603 18
1736471304125 0.004466173239052296 19
1736471304448 0.004232770763337612 20
1736471304775 0.0040202876552939415 21
1736471305101 0.003805374028161168 22
1736471305476 0.0036145620979368687 23
1736471305979 0.0034391561057418585 24
1736471306396 0.003261525882408023 25
1736471306780 0.003103027818724513 26
1736471307201 0.0029441879596561193 27
1736471307668 0.002800038317218423 28
1736471308049 0.0026581191923469305 29
1736471308481 0.002529868623241782 30
1736471308804 0.0024069456849247217 31
1736471309139 0.002297434490174055 32
1736471309478 0.002190608996897936 33
1736471309805 0.0020979854743927717 34
1736471310132 0.0019968468695878983 35
1736471310450 0.0019093404989689589 36
1736471310788 0.0018284836551174521 37
1736471311114 0.0017540249973535538 38
1736471311467 0.0016729366034269333 39
1736471311819 0.0016059423796832561 40
1736471312141 0.0015455930260941386 41
1736471312476 0.0014934804057702422 42
1736471312813 0.0014311738777905703 43
1736471313144 0.00138237071223557 44
1736471313481 0.0013297890545800328 45
1736471313795 0.001285944483242929 46
1736471314111 0.0012446825858205557 47
1736471314436 0.0012076380662620068 48
1736471314779 0.0011785674141719937 49
1736471315117 0.0011304495856165886 50
1736471315451 0.0010948663111776114 51
1736471315805 0.0010672895004972816 52
1736471316132 0.0010347292991355062 53
1736471316465 0.000999493058770895 54
1736471316841 0.0009784932481124997 55
1736471317187 0.0009481519809924066 56
1736471317534 0.0009252669988200068 57
1736471317878 0.0009042007150128484 58
1736471318213 0.0008832530002109706 59
1736471318541 0.0008598516578786075 60
1736471318884 0.0008416833588853478 61
1736471319215 0.000814976345282048 62
1736471319545 0.0007983805844560266 63
1736471319874 0.000780514208599925 64
1736471320242 0.0007681143470108509 65
1736471320591 0.0007507582777179778 66
1736471320964 0.0007331970846280456 67
1736471321325 0.0007254412630572915 68
1736471321672 0.0007137848879210651 69
1736471322009 0.0006989259272813797 70
1736471322414 0.0006888061761856079 71
1736471322821 0.0006993969436734915 72
1736471323167 0.0006902007153257728 73
1736471323492 0.0006593388970941305 74
1736471323827 0.0006477039423771203 75
1736471324162 0.0006420921999961138 76
1736471324493 0.000623287633061409 77
1736471324884 0.000620597624219954 78
1736471325240 0.0006024313042871654 79
1736471325599 0.000592096010223031 80
1736471325966 0.0005970189813524485 81
1736471326307 0.000582489708904177 82
1736471326678 0.0005679814494214952 83
1736471327016 0.0005847151041962206 84
1736471327326 0.0005519349942915142 85
1736471327608 0.0005731782293878496 86
1736471327903 0.0005611359374597669 87
1736471328195 0.0005389627767726779 88
1736471328527 0.00055152946151793 89
1736471328877 0.0005455970531329513 90
1736471329193 0.0005138363922014832 91
1736471329535 0.0005128244520165026 92
1736471329883 0.0005050617619417608 93
1736471330262 0.000489923928398639 94
1736471330608 0.000506666605360806 95
1736471330973 0.0005148146883584559 96
1736471331276 0.0004868946271017194 97
1736471331667 0.00046634505270048976 98
1736471332015 0.0004635893856175244 99
