1736471298161 0.32745954394340515 0
1736471298526 0.16442231833934784 1
1736471298830 0.11126624792814255 2
1736471299161 0.08836930245161057 3
1736471299498 0.07256483286619186 4
1736471299838 0.0634380429983139 5
1736471300107 0.05824614316225052 6
1736471300358 0.05490415543317795 7
1736471300658 0.05249684303998947 8
1736471300912 0.05054086074233055 9
1736471301155 0.04874806106090546 10
1736471301464 0.04694753885269165 11
1736471301724 0.04532838240265846 12
1736471302023 0.0438893586397171 13
1736471302384 0.04254424199461937 14
1736471302763 0.04126031696796417 15
1736471303115 0.04007779061794281 16
1736471303463 0.03901635482907295 17
1736471303793 0.037974946200847626 18
1736471304125 0.03694390133023262 19
1736471304448 0.03601758927106857 20
1736471304775 0.03518814966082573 21
1736471305101 0.034384049475193024 22
1736471305476 0.03359638527035713 23
1736471305979 0.03276068717241287 24
1736471306396 0.03191477060317993 25
1736471306780 0.03135848045349121 26
1736471307201 0.030500492081046104 27
1736471307668 0.02993011474609375 28
1736471308049 0.029223879799246788 29
1736471308481 0.028560303151607513 30
1736471308804 0.027913836762309074 31
1736471309139 0.0274666715413332 32
1736471309478 0.02693178690969944 33
1736471309805 0.02644389495253563 34
1736471310132 0.025861669331789017 35
1736471310450 0.02532206103205681 36
1736471310788 0.02488679811358452 37
1736471311114 0.024505648761987686 38
1736471311467 0.02391325682401657 39
1736471311819 0.023501677438616753 40
1736471312141 0.02308451198041439 41
1736471312476 0.022765222936868668 42
1736471312813 0.022284923121333122 43
1736471313144 0.022027917206287384 44
1736471313481 0.021549826487898827 45
1736471313795 0.021267997100949287 46
1736471314111 0.020921379327774048 47
1736471314436 0.020537856966257095 48
1736471314779 0.02041291818022728 49
1736471315117 0.01988639496266842 50
1736471315451 0.019637856632471085 51
1736471315805 0.019409742206335068 52
1736471316132 0.019063802435994148 53
1736471316465 0.01869814284145832 54
1736471316841 0.018554482609033585 55
1736471317187 0.018201153725385666 56
1736471317534 0.018033890053629875 57
1736471317878 0.017868977040052414 58
1736471318213 0.017786920070648193 59
1736471318541 0.017400545999407768 60
1736471318884 0.01723824255168438 61
1736471319215 0.016897013410925865 62
1736471319545 0.01670009456574917 63
1736471319874 0.016558615490794182 64
1736471320242 0.01636389270424843 65
1736471320591 0.016160815954208374 66
1736471320964 0.01602495275437832 67
1736471321325 0.015954408794641495 68
1736471321672 0.01583101786673069 69
1736471322009 0.015665585175156593 70
1736471322414 0.015530754812061787 71
1736471322821 0.01620439626276493 72
1736471323167 0.015880800783634186 73
1736471323492 0.015513718128204346 74
1736471323827 0.015305085107684135 75
1736471324162 0.015025482513010502 76
1736471324493 0.014809959568083286 77
1736471324884 0.014858219772577286 78
1736471325240 0.014588695950806141 79
1736471325599 0.014491621404886246 80
1736471325966 0.014653116464614868 81
1736471326307 0.014621658250689507 82
1736471326678 0.014068320393562317 83
1736471327016 0.014681961387395859 84
1736471327326 0.013998134061694145 85
1736471327608 0.014493339695036411 86
1736471327903 0.014223399572074413 87
1736471328195 0.013730541802942753 88
1736471328527 0.01409121137112379 89
1736471328877 0.014408580958843231 90
1736471329193 0.013632608577609062 91
1736471329535 0.01337957102805376 92
1736471329883 0.013283475302159786 93
1736471330262 0.013088720850646496 94
1736471330608 0.013376781716942787 95
1736471330973 0.013541349209845066 96
1736471331276 0.01302904449403286 97
1736471331667 0.012629388831555843 98
1736471332015 0.012655415572226048 99
