1736509831777 0.17748980224132538 0
1736509832664 0.02224127948284149 1
1736509833621 0.012697607278823853 2
1736509834497 0.009771144017577171 3
1736509835413 0.008141991682350636 4
1736509836276 0.006983489263802767 5
1736509837139 0.006045731715857983 6
1736509837967 0.005280425772070885 7
1736509838791 0.004643840249627829 8
1736509839734 0.004143432714045048 9
1736509840679 0.0036937010008841753 10
1736509841559 0.0033197090961039066 11
1736509842433 0.003010452026501298 12
1736509843280 0.0027566864155232906 13
1736509844137 0.0025284874718636274 14
1736509844967 0.0023802833165973425 15
1736509845803 0.0022113448940217495 16
1736509846628 0.002019856357946992 17
1736509847466 0.0018867843318730593 18
1736509848282 0.0017714649438858032 19
1736509849123 0.0016761779552325606 20
1736509849948 0.0016034526051953435 21
1736509850787 0.0015678727068006992 22
1736509851577 0.0014989468036219478 23
1736509852368 0.0013950932770967484 24
1736509853198 0.0013318215496838093 25
1736509853979 0.0013230202021077275 26
1736509854767 0.0012044885661453009 27
1736509855640 0.0011635777773335576 28
1736509856446 0.001132859499193728 29
1736509857251 0.0011966651072725654 30
1736509858043 0.0012591280974447727 31
1736509858834 0.0010622426634654403 32
1736509859625 0.0009561998303979635 33
1736509860450 0.0009118259768001735 34
1736509861241 0.0009151974809356034 35
1736509862038 0.0008955600787885487 36
1736509862829 0.0008637814316898584 37
1736509863619 0.0009521050378680229 38
1736509864411 0.0008149871719069779 39
1736509865236 0.0008017405052669346 40
1736509866036 0.0007854757132008672 41
1736509866870 0.0015513886464759707 42
1736509867712 0.0016977821942418814 43
1736509868510 0.0011233399854972959 44
1736509869296 0.0010941056534647942 45
1736509870140 0.0007432653801515698 46
1736509870922 0.0007069441489875317 47
1736509871718 0.0006692329770885408 48
1736509872498 0.0006357927923090756 49
1736509873334 0.0007512760348618031 50
1736509874125 0.0006334707722999156 51
1736509874930 0.0006362682324834168 52
1736509875794 0.0005868782172910869 53
1736509876621 0.0005914474022574723 54
1736509877520 0.0005603242316283286 55
1736509878426 0.0005266437074169517 56
1736509879401 0.0005480857216753066 57
1736509880467 0.0005641159368678927 58
1736509881633 0.0005440230597741902 59
1736509882574 0.0005532340728677809 60
1736509883473 0.0005012535839341581 61
1736509884485 0.0004710689536295831 62
1736509885479 0.0004620673134922981 63
1736509886523 0.0005232346593402326 64
1736509887410 0.0006734025664627552 65
1736509888551 0.0004708825144916773 66
1736509889497 0.0004893067525699735 67
1736509890345 0.0006279544904828072 68
1736509891330 0.0009098070440813899 69
1736509892384 0.0009733725455589592 70
1736509893502 0.0010805573547258973 71
1736509894479 0.0010456269374117255 72
1736509895377 0.000763762800488621 73
1736509896385 0.0005308727850206196 74
1736509897491 0.00043542651110328734 75
1736509898506 0.0003997058083768934 76
1736509899488 0.00038399299955926836 77
1736509900424 0.00038218521513044834 78
1736509901412 0.0004095758486073464 79
1736509902236 0.0004100497462786734 80
1736509903073 0.0003835258539766073 81
1736509903987 0.00037495759897865355 82
1736509904885 0.00040044280467554927 83
1736509905724 0.00044295823317952454 84
1736509906609 0.00043268597801215947 85
1736509907516 0.0004348738875705749 86
1736509908344 0.0003695182385854423 87
1736509909165 0.00035079632652923465 88
1736509910023 0.00040428206557407975 89
1736509910854 0.0004202518903184682 90
1736509911697 0.00041785690700635314 91
1736509912558 0.0003305069403722882 92
1736509913479 0.00033908404293470085 93
1736509914325 0.00034463583142496645 94
1736509915184 0.00033413682831451297 95
1736509916031 0.0003856081748381257 96
1736509916905 0.00043818578706122935 97
1736509917738 0.0006317473598755896 98
1736509918606 0.0007140698144212365 99
