1736509831777 0.2588746249675751 0
1736509832664 0.09297426044940948 1
1736509833621 0.05913178250193596 2
1736509834497 0.05350508540868759 3
1736509835413 0.04858504235744476 4
1736509836276 0.04620753973722458 5
1736509837139 0.043993029743433 6
1736509837967 0.04204752296209335 7
1736509838791 0.04026171937584877 8
1736509839734 0.038655564188957214 9
1736509840679 0.03683553636074066 10
1736509841559 0.03495871648192406 11
1736509842433 0.03329078480601311 12
1736509843280 0.03209664672613144 13
1736509844137 0.030852079391479492 14
1736509844967 0.030136918649077415 15
1736509845803 0.029376931488513947 16
1736509846628 0.027608100324869156 17
1736509847466 0.02666942961513996 18
1736509848282 0.025992000475525856 19
1736509849123 0.02516869269311428 20
1736509849948 0.02501072734594345 21
1736509850787 0.0246407613158226 22
1736509851577 0.024313461035490036 23
1736509852368 0.023191703483462334 24
1736509853198 0.022629132494330406 25
1736509853979 0.023027120158076286 26
1736509854767 0.02155088633298874 27
1736509855640 0.020850149914622307 28
1736509856446 0.020639948546886444 29
1736509857251 0.022151777520775795 30
1736509858043 0.022905826568603516 31
1736509858834 0.020641019567847252 32
1736509859625 0.01879756711423397 33
1736509860450 0.01797931082546711 34
1736509861241 0.018314611166715622 35
1736509862038 0.018352745100855827 36
1736509862829 0.01763942651450634 37
1736509863619 0.019613007083535194 38
1736509864411 0.01729831099510193 39
1736509865236 0.017119085416197777 40
1736509866036 0.017144551500678062 41
1736509866870 0.025069093331694603 42
1736509867712 0.030843330547213554 43
1736509868510 0.022552302107214928 44
1736509869296 0.02209657058119774 45
1736509870140 0.016420386731624603 46
1736509870922 0.016113290563225746 47
1736509871718 0.015265149064362049 48
1736509872498 0.01475329790264368 49
1736509873334 0.017198117449879646 50
1736509874125 0.015190606005489826 51
1736509874930 0.015150608494877815 52
1736509875794 0.014087684452533722 53
1736509876621 0.014232438988983631 54
1736509877520 0.013626748695969582 55
1736509878426 0.012947947718203068 56
1736509879401 0.013595798052847385 57
1736509880467 0.014024009928107262 58
1736509881633 0.013770046643912792 59
1736509882574 0.01456666924059391 60
1736509883473 0.01277804933488369 61
1736509884485 0.012078994885087013 62
1736509885479 0.012051194906234741 63
1736509886523 0.013435674831271172 64
1736509887410 0.01748526655137539 65
1736509888551 0.012538550421595573 66
1736509889497 0.01330205611884594 67
1736509890345 0.016137462109327316 68
1736509891330 0.02077416144311428 69
1736509892384 0.019999602809548378 70
1736509893502 0.023285117000341415 71
1736509894479 0.02319069765508175 72
1736509895377 0.01831340417265892 73
1736509896385 0.013900341466069221 74
1736509897491 0.011978472582995892 75
1736509898506 0.010925854556262493 76
1736509899488 0.010486104525625706 77
1736509900424 0.010649161413311958 78
1736509901412 0.011752987280488014 79
1736509902236 0.011711999773979187 80
1736509903073 0.01127290353178978 81
1736509903987 0.010781853459775448 82
1736509904885 0.011663103476166725 83
1736509905724 0.013113442808389664 84
1736509906609 0.012760422192513943 85
1736509907516 0.013607930392026901 86
1736509908344 0.011157420463860035 87
1736509909165 0.01067383959889412 88
1736509910023 0.012078819796442986 89
1736509910854 0.012945483438670635 90
1736509911697 0.013381016440689564 91
1736509912558 0.01040100771933794 92
1736509913479 0.01042222511023283 93
1736509914325 0.010983024723827839 94
1736509915184 0.010599072091281414 95
1736509916031 0.012176311574876308 96
1736509916905 0.013208896853029728 97
1736509917738 0.018287060782313347 98
1736509918606 0.01675138808786869 99
