1736511775641 0.14456774294376373 0
1736511776499 0.020511886104941368 1
1736511777327 0.011483268812298775 2
1736511778075 0.008674316108226776 3
1736511778867 0.007272553164511919 4
1736511779694 0.0062008504755795 5
1736511780459 0.005384321790188551 6
1736511781213 0.004720231983810663 7
1736511781991 0.004172004759311676 8
1736511782832 0.0037215081974864006 9
1736511783666 0.0033433774951845407 10
1736511784499 0.0030176816508173943 11
1736511785329 0.002750193467363715 12
1736511786150 0.002517391461879015 13
1736511786994 0.002307556802406907 14
1736511787811 0.002128663705661893 15
1736511788605 0.0020404236856848 16
1736511789351 0.0018558012088760734 17
1736511790219 0.001733962562866509 18
1736511791039 0.0016392618417739868 19
1736511791853 0.0015550428070127964 20
1736511792605 0.0014585775788873434 21
1736511793351 0.001388625125400722 22
1736511794167 0.001355937565676868 23
1736511795031 0.0012703522806987166 24
1736511795828 0.0012128998059779406 25
1736511796604 0.0011750871781259775 26
1736511797383 0.001119108172133565 27
1736511798132 0.0011182095622643828 28
1736511798894 0.001173193915747106 29
1736511799803 0.0011509640607982874 30
1736511800578 0.001016187947243452 31
1736511801402 0.0009110182290896773 32
1736511802171 0.0008629712974652648 33
1736511802929 0.0008691764669492841 34
1736511803700 0.0008585808682255447 35
1736511804521 0.0009999540634453297 36
1736511805285 0.0009351957123726606 37
1736511806051 0.000838962965644896 38
1736511806816 0.00076836853986606 39
1736511807599 0.0007152364705689251 40
1736511808363 0.0006612588185817003 41
1736511809193 0.0006660291110165417 42
1736511809963 0.0006612860015593469 43
1736511810778 0.0007204265566542745 44
1736511811568 0.0007840712205506861 45
1736511812326 0.0007374188862740993 46
1736511813094 0.0007188350427895784 47
1736511813939 0.0006945730419829488 48
1736511814706 0.0006971250986680388 49
1736511815481 0.0008029480231925845 50
1736511816298 0.0010188547894358635 51
1736511817076 0.0007642454002052546 52
1736511817843 0.0005916539812460542 53
1736511818671 0.0005163245950825512 54
1736511819433 0.0005110761849209666 55
1736511820207 0.0005020042299292982 56
1736511820992 0.000500572205055505 57
1736511821758 0.00047736649867147207 58
1736511822517 0.0004513454041443765 59
1736511823345 0.0005819240468554199 60
1736511824143 0.0006243468960747123 61
1736511824920 0.0012851143255829811 62
1736511825686 0.0006544403149746358 63
1736511826454 0.0004968015709891915 64
1736511827245 0.0011233191471546888 65
1736511828080 0.0011578964767977595 66
1736511828836 0.001075858948752284 67
1736511829630 0.00095513672567904 68
1736511830421 0.0006198117043823004 69
1736511831187 0.0004059160128235817 70
1736511831943 0.00037926583900116384 71
1736511832775 0.0003736952494364232 72
1736511833563 0.0003594601002987474 73
1736511834343 0.0003556794545147568 74
1736511835103 0.0003457373532000929 75
1736511835866 0.00034285758738406 76
1736511836655 0.0003657407942228019 77
1736511837483 0.00035309127997606993 78
1736511838248 0.00032707612263038754 79
1736511839056 0.0003333367931190878 80
1736511839823 0.00033861302654258907 81
1736511840595 0.0003227257984690368 82
1736511841350 0.0003227270790375769 83
1736511842203 0.0003099260793533176 84
1736511842971 0.00030296179465949535 85
1736511843763 0.0003025887126568705 86
1736511844527 0.0002864105044864118 87
1736511845316 0.00028291717171669006 88
1736511846076 0.0002780212671495974 89
1736511846909 0.00029071245808154345 90
1736511847670 0.00028961891075596213 91
1736511848478 0.0003279479860793799 92
1736511849245 0.0002920322003774345 93
1736511850005 0.00030610422254540026 94
1736511850765 0.0004005316586699337 95
1736511851630 0.0004091495356988162 96
1736511852446 0.0012629363918676972 97
1736511853236 0.0012640769127756357 98
1736511854013 0.0007393619744107127 99
