1736511775641 0.2364749163389206 0
1736511776499 0.09251358360052109 1
1736511777327 0.05953166261315346 2
1736511778075 0.049393534660339355 3
1736511778867 0.04630861431360245 4
1736511779694 0.04351105913519859 5
1736511780459 0.04144875705242157 6
1736511781213 0.039884310215711594 7
1736511781991 0.0382361076772213 8
1736511782832 0.03661017864942551 9
1736511783666 0.035026226192712784 10
1736511784499 0.03341097757220268 11
1736511785329 0.03190536051988602 12
1736511786150 0.030607789754867554 13
1736511786994 0.02922431007027626 14
1736511787811 0.028139296919107437 15
1736511788605 0.027801088988780975 16
1736511789351 0.026653777807950974 17
1736511790219 0.025392500683665276 18
1736511791039 0.0248084869235754 19
1736511791853 0.024265823885798454 20
1736511792605 0.023643821477890015 21
1736511793351 0.023110022768378258 22
1736511794167 0.02301345020532608 23
1736511795031 0.02215362712740898 24
1736511795828 0.021539799869060516 25
1736511796604 0.02148498222231865 26
1736511797383 0.02081509865820408 27
1736511798132 0.020969338715076447 28
1736511798894 0.022624550387263298 29
1736511799803 0.022543562576174736 30
1736511800578 0.019758442416787148 31
1736511801402 0.018319619819521904 32
1736511802171 0.01768571510910988 33
1736511802929 0.01837264746427536 34
1736511803700 0.017987122759222984 35
1736511804521 0.021596981212496758 36
1736511805285 0.02032255195081234 37
1736511806051 0.01796666905283928 38
1736511806816 0.01735001988708973 39
1736511807599 0.016497284173965454 40
1736511808363 0.015070797875523567 41
1736511809193 0.015478597953915596 42
1736511809963 0.015583556145429611 43
1736511810778 0.01670691929757595 44
1736511811568 0.019343692809343338 45
1736511812326 0.017559966072440147 46
1736511813094 0.017486976459622383 47
1736511813939 0.016636796295642853 48
1736511814706 0.01704876683652401 49
1736511815481 0.018642008304595947 50
1736511816298 0.021428482607007027 51
1736511817076 0.01904422976076603 52
1736511817843 0.015063640661537647 53
1736511818671 0.013402752578258514 54
1736511819433 0.013302040286362171 55
1736511820207 0.01330584567040205 56
1736511820992 0.013479059562087059 57
1736511821758 0.012827375903725624 58
1736511822517 0.012451090849936008 59
1736511823345 0.015239758417010307 60
1736511824143 0.015797877684235573 61
1736511824920 0.02640845999121666 62
1736511825686 0.01653815619647503 63
1736511826454 0.013222354464232922 64
1736511827245 0.023815060034394264 65
1736511828080 0.024331411346793175 66
1736511828836 0.02272862382233143 67
1736511829630 0.021179314702749252 68
1736511830421 0.017047423869371414 69
1736511831187 0.011576992459595203 70
1736511831943 0.010749821551144123 71
1736511832775 0.010851646773517132 72
1736511833563 0.010495833121240139 73
1736511834343 0.010407662950456142 74
1736511835103 0.010192723013460636 75
1736511835866 0.010193701833486557 76
1736511836655 0.011263590306043625 77
1736511837483 0.010892062447965145 78
1736511838248 0.00996918510645628 79
1736511839056 0.010448974557220936 80
1736511839823 0.010972283780574799 81
1736511840595 0.010142841376364231 82
1736511841350 0.010303384624421597 83
1736511842203 0.009731899946928024 84
1736511842971 0.009731356985867023 85
1736511843763 0.00972285307943821 86
1736511844527 0.009170501492917538 87
1736511845316 0.009244955144822598 88
1736511846076 0.009200661443173885 89
1736511846909 0.009808195754885674 90
1736511847670 0.009654110297560692 91
1736511848478 0.010947047732770443 92
1736511849245 0.009998076595366001 93
1736511850005 0.010539773851633072 94
1736511850765 0.013739963062107563 95
1736511851630 0.013574600219726562 96
1736511852446 0.024395594373345375 97
1736511853236 0.0242703128606081 98
1736511854013 0.018052924424409866 99
