1736511628931 0.5419162511825562 0
1736511629362 0.10815688967704773 1
1736511629742 0.04430721327662468 2
1736511630152 0.026569992303848267 3
1736511630469 0.020807933062314987 4
1736511630798 0.017177116125822067 5
1736511631085 0.014999402686953545 6
1736511631419 0.013335847295820713 7
1736511631725 0.012192623689770699 8
1736511632012 0.011247880756855011 9
1736511632322 0.010443980805575848 10
1736511632672 0.009726246818900108 11
1736511633039 0.00912510883063078 12
1736511633400 0.008570026606321335 13
1736511633711 0.008029645308852196 14
1736511634024 0.007564016617834568 15
1736511634326 0.007104724645614624 16
1736511634609 0.006694040261209011 17
1736511634916 0.0063162739388644695 18
1736511635203 0.0059907929971814156 19
1736511635483 0.0056977709755301476 20
1736511635765 0.005423116497695446 21
1736511636049 0.005171442870050669 22
1736511636386 0.004931732080876827 23
1736511636716 0.004707064479589462 24
1736511637014 0.004507825709879398 25
1736511637390 0.0043381438590586185 26
1736511637737 0.004139666445553303 27
1736511638056 0.0039741238579154015 28
1736511638391 0.0038341907784342766 29
1736511638712 0.0036764820106327534 30
1736511639007 0.003533224808052182 31
1736511639295 0.0034229145385324955 32
1736511639578 0.003284565405920148 33
1736511639901 0.003174120793119073 34
1736511640225 0.003067167941480875 35
1736511640535 0.002976492280140519 36
1736511640835 0.0028695883229374886 37
1736511641123 0.0027893378864973783 38
1736511641403 0.002690451219677925 39
1736511641680 0.0026022950187325478 40
1736511641974 0.0025437676813453436 41
1736511642255 0.002542036585509777 42
1736511642529 0.0024002143181860447 43
1736511642813 0.0023118178360164165 44
1736511643113 0.002242587273940444 45
1736511643440 0.002182397525757551 46
1736511643770 0.0021120866294950247 47
1736511644079 0.00204274314455688 48
1736511644421 0.0019931900314986706 49
1736511644763 0.001954243518412113 50
1736511645074 0.0019110272405669093 51
1736511645373 0.0018891541985794902 52
1736511645667 0.0018181389896199107 53
1736511645983 0.0017794689629226923 54
1736511646297 0.001730055664665997 55
1736511646636 0.0016721537103876472 56
1736511646978 0.0016267829341813922 57
1736511647312 0.001568247564136982 58
1736511647602 0.0015399566618725657 59
1736511647888 0.0014976633246988058 60
1736511648177 0.0014678222360089421 61
1736511648475 0.0014275122666731477 62
1736511648834 0.0013914714800193906 63
1736511649204 0.0013581195380538702 64
1736511649509 0.001326733035966754 65
1736511649797 0.0012936819111928344 66
1736511650091 0.0012626152019947767 67
1736511650452 0.001231290982104838 68
1736511650824 0.0012024566531181335 69
1736511651160 0.0011806745314970613 70
1736511651473 0.0011983641888946295 71
1736511651786 0.0011404097313061357 72
1736511652108 0.0011042722035199404 73
1736511652434 0.001080539426766336 74
1736511652727 0.0010509358253329992 75
1736511653015 0.0010447300737723708 76
1736511653301 0.0011876750504598022 77
1736511653579 0.00106258993037045 78
1736511653898 0.0010034143924713135 79
1736511654286 0.0009558298042975366 80
1736511654642 0.0009299405501224101 81
1736511654941 0.0009164145449176431 82
1736511655229 0.0009114303975366056 83
1736511655518 0.0008994591189548373 84
1736511655804 0.0008844926487654448 85
1736511656093 0.0008511726628057659 86
1736511656391 0.0008412202587351203 87
1736511656678 0.000937573378905654 88
1736511656952 0.0008558806730434299 89
1736511657239 0.0008033259073272347 90
1736511657573 0.0007767334464006126 91
1736511657908 0.0007707232725806534 92
1736511658334 0.0007557020289823413 93
1736511658852 0.0007464849622920156 94
1736511659210 0.0007454009028151631 95
1736511659523 0.0007368442602455616 96
1736511659889 0.0007131918682716787 97
1736511660313 0.0007014988223090768 98
1736511660660 0.000690749438945204 99
