1736511628931 0.46597573161125183 0
1736511629362 0.22194401919841766 1
1736511629742 0.13268110156059265 2
1736511630152 0.09478403627872467 3
1736511630469 0.07793054729700089 4
1736511630798 0.06874575465917587 5
1736511631085 0.06447456032037735 6
1736511631419 0.06117485091090202 7
1736511631725 0.058757234364748 8
1736511632012 0.05696319043636322 9
1736511632322 0.05501421540975571 10
1736511632672 0.05327296257019043 11
1736511633039 0.05158669874072075 12
1736511633400 0.05006470903754234 13
1736511633711 0.04840443283319473 14
1736511634024 0.04700704291462898 15
1736511634326 0.04560558497905731 16
1736511634609 0.044196125119924545 17
1736511634916 0.042884137481451035 18
1736511635203 0.04183968901634216 19
1736511635483 0.04093153402209282 20
1736511635765 0.039922747761011124 21
1736511636049 0.03897188603878021 22
1736511636386 0.0381406769156456 23
1736511636716 0.0373479388654232 24
1736511637014 0.03669491037726402 25
1736511637390 0.03605569526553154 26
1736511637737 0.035330452024936676 27
1736511638056 0.03474781662225723 28
1736511638391 0.034303825348615646 29
1736511638712 0.03357024863362312 30
1736511639007 0.03301408514380455 31
1736511639295 0.032646745443344116 32
1736511639578 0.03208232671022415 33
1736511639901 0.03152790665626526 34
1736511640225 0.03110569529235363 35
1736511640535 0.030812788754701614 36
1736511640835 0.030485963448882103 37
1736511641123 0.03002341091632843 38
1736511641403 0.029732463881373405 39
1736511641680 0.02924719825387001 40
1736511641974 0.029163040220737457 41
1736511642255 0.02942791022360325 42
1736511642529 0.028815804049372673 43
1736511642813 0.02822248637676239 44
1736511643113 0.027606401592493057 45
1736511643440 0.027299629524350166 46
1736511643770 0.026941951364278793 47
1736511644079 0.026485366746783257 48
1736511644421 0.02626602165400982 49
1736511644763 0.026151234284043312 50
1736511645074 0.0263248011469841 51
1736511645373 0.02598022110760212 52
1736511645667 0.02549169957637787 53
1736511645983 0.02524634078145027 54
1736511646297 0.024778369814157486 55
1736511646636 0.02437559887766838 56
1736511646978 0.024157678708434105 57
1736511647312 0.023643802851438522 58
1736511647602 0.02340804785490036 59
1736511647888 0.023088382557034492 60
1736511648177 0.022876564413309097 61
1736511648475 0.022605683654546738 62
1736511648834 0.022264067083597183 63
1736511649204 0.02194022759795189 64
1736511649509 0.021689189597964287 65
1736511649797 0.021527571603655815 66
1736511650091 0.02110469900071621 67
1736511650452 0.020824920386075974 68
1736511650824 0.020558593794703484 69
1736511651160 0.020405922085046768 70
1736511651473 0.020676275715231895 71
1736511651786 0.0200341809540987 72
1736511652108 0.01965389959514141 73
1736511652434 0.019567787647247314 74
1736511652727 0.01922164298593998 75
1736511653015 0.01909511722624302 76
1736511653301 0.020946068689227104 77
1736511653579 0.02036271058022976 78
1736511653898 0.019015174359083176 79
1736511654286 0.018319549039006233 80
1736511654642 0.01810043305158615 81
1736511654941 0.018006987869739532 82
1736511655229 0.01793394610285759 83
1736511655518 0.017729923129081726 84
1736511655804 0.0176125206053257 85
1736511656093 0.017314676195383072 86
1736511656391 0.017210831865668297 87
1736511656678 0.018591150641441345 88
1736511656952 0.017776692286133766 89
1736511657239 0.01683187298476696 90
1736511657573 0.016521601006388664 91
1736511657908 0.01650831662118435 92
1736511658334 0.016246024519205093 93
1736511658852 0.01640101708471775 94
1736511659210 0.016394469887018204 95
1736511659523 0.016129110008478165 96
1736511659889 0.01589939184486866 97
1736511660313 0.015718897804617882 98
1736511660660 0.015630975365638733 99
