1736472143672 0.5336799025535583 0
1736472143898 0.04957527294754982 1
1736472144124 0.024400223046541214 2
1736472144385 0.019069796428084373 3
1736472144708 0.016269346699118614 4
1736472144916 0.014270499348640442 5
1736472145109 0.012661335058510303 6
1736472145340 0.011436131782829762 7
1736472145548 0.010370033793151379 8
1736472145763 0.009468499571084976 9
1736472145979 0.008776891976594925 10
1736472146194 0.008188162930309772 11
1736472146411 0.007700425572693348 12
1736472146635 0.007295601069927216 13
1736472146840 0.006927370559424162 14
1736472147044 0.006573505233973265 15
1736472147250 0.006261293776333332 16
1736472147442 0.005974659230560064 17
1736472147645 0.005716001149266958 18
1736472147932 0.005456201266497374 19
1736472148138 0.005211410578340292 20
1736472148339 0.0049886200577020645 21
1736472148557 0.004780909977853298 22
1736472148748 0.004583491012454033 23
1736472148950 0.004392312839627266 24
1736472149154 0.0042148008942604065 25
1736472149396 0.004046658519655466 26
1736472149618 0.0038746227510273457 27
1736472149811 0.0037126082461327314 28
1736472150015 0.003563129808753729 29
1736472150219 0.0034241951070725918 30
1736472150427 0.0032969554886221886 31
1736472150630 0.0031701321713626385 32
1736472150898 0.003047111677005887 33
1736472151152 0.0029319266323000193 34
1736472151373 0.0028250650502741337 35
1736472151579 0.002720970893278718 36
1736472151800 0.0026230693329125643 37
1736472151989 0.002521042013540864 38
1736472152183 0.0024352699983865023 39
1736472152385 0.0023528027813881636 40
1736472152573 0.0022725374437868595 41
1736472152764 0.002191661624237895 42
1736472152972 0.0021193886641412973 43
1736472153160 0.0020500109530985355 44
1736472153357 0.001984613947570324 45
1736472153587 0.0019311433425173163 46
1736472153793 0.0018646244425326586 47
1736472153986 0.0018110951641574502 48
1736472154220 0.0017577859107404947 49
1736472154457 0.001701593049801886 50
1736472154679 0.0016538689378648996 51
1736472154885 0.001612360472790897 52
1736472155091 0.0015695312758907676 53
1736472155297 0.0015243515372276306 54
1736472155518 0.0014827869599685073 55
1736472155742 0.0014439922524616122 56
1736472155945 0.0014124027220532298 57
1736472156135 0.001372343278490007 58
1736472156356 0.0013465243391692638 59
1736472156562 0.0013055616291239858 60
1736472156769 0.00127647805493325 61
1736472156958 0.0012565713841468096 62
1736472157149 0.0012242202647030354 63
1736472157338 0.0011908530723303556 64
1736472157547 0.0011702168267220259 65
1736472157751 0.0011398347560316324 66
1736472157957 0.0011232512770220637 67
1736472158179 0.0010985081316903234 68
1736472158374 0.001078263740055263 69
1736472158575 0.0010535606415942311 70
1736472158765 0.001034827553667128 71
1736472158957 0.0010151274036616087 72
1736472159164 0.0009930861415341496 73
1736472159358 0.0009763179114088416 74
1736472159545 0.0009637480252422392 75
1736472159748 0.0009496842976659536 76
1736472159935 0.000938266224693507 77
1736472160141 0.000923622923437506 78
1736472160346 0.0009010814828798175 79
1736472160536 0.0008899021195247769 80
1736472160742 0.0008767321705818176 81
1736472160947 0.0008578300476074219 82
1736472161137 0.0008545825257897377 83
1736472161331 0.0008343874360434711 84
1736472161548 0.0008332801517099142 85
1736472161758 0.000818697561044246 86
1736472161963 0.0007979038055054843 87
1736472162168 0.0007867203094065189 88
1736472162355 0.0007744471658952534 89
1736472162560 0.0007656115922145545 90
1736472162750 0.0007519591599702835 91
1736472162940 0.0007401079055853188 92
1736472163148 0.000732219370547682 93
1736472163335 0.0007266795728355646 94
1736472163541 0.0007170359021984041 95
1736472163734 0.0007074166205711663 96
1736472163922 0.0007060335483402014 97
1736472164128 0.0006955843418836594 98
1736472164333 0.0006805600714869797 99
