1736472143672 0.4476543366909027 0
1736472143898 0.15674908459186554 1
1736472144124 0.09954680502414703 2
1736472144385 0.07984022051095963 3
1736472144708 0.07015511393547058 4
1736472144916 0.0639941468834877 5
1736472145109 0.05920537933707237 6
1736472145340 0.05619284510612488 7
1736472145548 0.053863685578107834 8
1736472145763 0.051947467029094696 9
1736472145979 0.05041217431426048 10
1736472146194 0.04927581921219826 11
1736472146411 0.04811931774020195 12
1736472146635 0.04712248593568802 13
1736472146840 0.04624028876423836 14
1736472147044 0.045167360454797745 15
1736472147250 0.04434455186128616 16
1736472147442 0.04350633546710014 17
1736472147645 0.042653053998947144 18
1736472147932 0.04174257442355156 19
1736472148138 0.04082423821091652 20
1736472148339 0.0399959534406662 21
1736472148557 0.03924570977687836 22
1736472148748 0.038498539477586746 23
1736472148950 0.03767535835504532 24
1736472149154 0.03695901855826378 25
1736472149396 0.03625991567969322 26
1736472149618 0.0353752039372921 27
1736472149811 0.0345887690782547 28
1736472150015 0.0338984839618206 29
1736472150219 0.033214401453733444 30
1736472150427 0.03255365788936615 31
1736472150630 0.03190583735704422 32
1736472150898 0.03122609667479992 33
1736472151152 0.030700381845235825 34
1736472151373 0.030096935108304024 35
1736472151579 0.029533790424466133 36
1736472151800 0.02905047871172428 37
1736472151989 0.02854228764772415 38
1736472152183 0.02807578444480896 39
1736472152385 0.027677802368998528 40
1736472152573 0.027286546304821968 41
1736472152764 0.02684338204562664 42
1736472152972 0.026493240147829056 43
1736472153160 0.02610715478658676 44
1736472153357 0.025698259472846985 45
1736472153587 0.025455454364418983 46
1736472153793 0.02505929209291935 47
1736472153986 0.024756180122494698 48
1736472154220 0.024507761001586914 49
1736472154457 0.024054616689682007 50
1736472154679 0.023842621594667435 51
1736472154885 0.023474276065826416 52
1736472155091 0.023306062445044518 53
1736472155297 0.022892899811267853 54
1736472155518 0.022630900144577026 55
1736472155742 0.02240018919110298 56
1736472155945 0.022106733173131943 57
1736472156135 0.021795932203531265 58
1736472156356 0.02157175913453102 59
1736472156562 0.021235644817352295 60
1736472156769 0.021072594448924065 61
1736472156958 0.02091466449201107 62
1736472157149 0.020562712103128433 63
1736472157338 0.02023022063076496 64
1736472157547 0.020119164139032364 65
1736472157751 0.019785292446613312 66
1736472157957 0.01966100186109543 67
1736472158179 0.019466467201709747 68
1736472158374 0.019206276163458824 69
1736472158575 0.018972912803292274 70
1736472158765 0.018880875781178474 71
1736472158957 0.01868598163127899 72
1736472159164 0.018426313996315002 73
1736472159358 0.01821853592991829 74
1736472159545 0.018131455406546593 75
1736472159748 0.018012981861829758 76
1736472159935 0.01798553392291069 77
1736472160141 0.017893997952342033 78
1736472160346 0.0175581444054842 79
1736472160536 0.01744708977639675 80
1736472160742 0.017228953540325165 81
1736472160947 0.017045723274350166 82
1736472161137 0.017047123983502388 83
1736472161331 0.016755104064941406 84
1736472161548 0.016780471429228783 85
1736472161758 0.016695814207196236 86
1736472161963 0.016410617157816887 87
1736472162168 0.016251318156719208 88
1736472162355 0.016194261610507965 89
1736472162560 0.01601691171526909 90
1736472162750 0.015875354409217834 91
1736472162940 0.015790846198797226 92
1736472163148 0.015737086534500122 93
1736472163335 0.015770763158798218 94
1736472163541 0.015518716536462307 95
1736472163734 0.015429907478392124 96
1736472163922 0.01548909954726696 97
1736472164128 0.01542457565665245 98
1736472164333 0.015446771867573261 99
