1736423807040 0.07378782331943512 0
1736423807405 0.020040351897478104 1
1736423807773 0.011004148051142693 2
1736423808100 0.008501606993377209 3
1736423808522 0.007099307142198086 4
1736423808895 0.006134410854429007 5
1736423809262 0.005362583324313164 6
1736423809660 0.004714541602879763 7
1736423810026 0.004166392609477043 8
1736423810438 0.0037538455799221992 9
1736423810813 0.0033402862027287483 10
1736423811225 0.003046920523047447 11
1736423811645 0.0027831473853439093 12
1736423812069 0.0025480124168097973 13
1736423812434 0.002369314432144165 14
1736423812840 0.0021686693653464317 15
1736423813210 0.0020212370436638594 16
1736423813618 0.0018771430477499962 17
1736423813982 0.0017336211167275906 18
1736423814316 0.0016441274201497436 19
1736423814641 0.0015276336343958974 20
1736423814963 0.0014196035917848349 21
1736423815292 0.0013315114192664623 22
