1736423807040 0.18601594865322113 0
1736423807405 0.08327607810497284 1
1736423807773 0.058933667838573456 2
1736423808100 0.051630813628435135 3
1736423808522 0.04708363860845566 4
1736423808895 0.04407531023025513 5
1736423809262 0.04104384034872055 6
1736423809660 0.038263414055109024 7
1736423810026 0.03610118106007576 8
1736423810438 0.035303402692079544 9
1736423810813 0.033432986587285995 10
1736423811225 0.03249684348702431 11
1736423811645 0.03123701736330986 12
1736423812069 0.030183104798197746 13
1736423812434 0.029554549604654312 14
1736423812840 0.02813679911196232 15
1736423813210 0.02753189392387867 16
1736423813618 0.02662709727883339 17
1736423813982 0.025486813858151436 18
1736423814316 0.025186529383063316 19
1736423814641 0.024294810369610786 20
1736423814963 0.023082271218299866 21
1736423815292 0.02258603647351265 22
