1736471468177 0.1413823515176773 0
1736471468962 0.022687265649437904 1
1736471469921 0.011570876464247704 2
1736471470852 0.008856738917529583 3
1736471471844 0.007305756211280823 4
1736471472795 0.006202720571309328 5
1736471473660 0.0053553455509245396 6
1736471474529 0.004628988914191723 7
1736471475414 0.004035727586597204 8
1736471476249 0.0035733075346797705 9
1736471477070 0.003176639322191477 10
1736471477911 0.002849017735570669 11
1736471478777 0.0025719176046550274 12
1736471479637 0.002423811238259077 13
1736471480487 0.0022106918040663004 14
1736471481316 0.0019993484020233154 15
1736471482182 0.0018697719788178802 16
1736471483001 0.0017521720146760345 17
1736471483821 0.0016572624444961548 18
1736471484633 0.0015761421527713537 19
1736471485476 0.0015266566770151258 20
1736471486294 0.0014508017338812351 21
1736471487095 0.0015041411388665438 22
1736471487898 0.002774891909211874 23
1736471488724 0.002334471559152007 24
1736471489575 0.0013707864563912153 25
1736471490384 0.0011576262768357992 26
1736471491195 0.0011276876321062446 27
1736471492013 0.0010592375183477998 28
1736471492857 0.001022046199068427 29
1736471493663 0.0010333613026887178 30
1736471494473 0.0009319155942648649 31
1736471495297 0.0009298865334130824 32
1736471496141 0.0008469190215691924 33
1736471496955 0.0008158765267580748 34
1736471497793 0.0007833146373741329 35
1736471498600 0.0007801130414009094 36
1736471499429 0.0007865722291171551 37
1736471500242 0.0008973648073151708 38
1736471501089 0.0009078893344849348 39
1736471501900 0.000737986876629293 40
1736471502712 0.000670409353915602 41
1736471503525 0.000631633447483182 42
1736471504372 0.0006345902220346034 43
1736471505188 0.0006757181836292148 44
1736471505999 0.0006724216509610415 45
1736471506810 0.0007035430171526968 46
1736471507670 0.0005809243302792311 47
1736471508500 0.0005754620069637895 48
1736471509324 0.0005379081703722477 49
1736471510123 0.000526308489497751 50
1736471511067 0.0005053852801211178 51
1736471511963 0.0004887609393335879 52
1736471512811 0.0005321431090123951 53
1736471513637 0.0006750391912646592 54
1736471514490 0.0011318364413455129 55
1736471515305 0.0010515328031033278 56
1736471516117 0.0007571776513941586 57
1736471516930 0.0005393329192884266 58
1736471517804 0.0005023417761549354 59
1736471518647 0.00045339835924096406 60
1736471519478 0.0004612250195350498 61
1736471520329 0.0004998471704311669 62
1736471521201 0.0004312267992645502 63
1736471522034 0.0004173342604190111 64
1736471522867 0.00042552806553430855 65
1736471523772 0.00045740700443275273 66
1736471524657 0.0005136240506544709 67
1736471525585 0.0012673555174842477 68
1736471526417 0.0033044759184122086 69
1736471527325 0.0015778009546920657 70
1736471528160 0.0008230223320424557 71
1736471529003 0.0005354933091439307 72
1736471529982 0.00041541646351106465 73
1736471530843 0.0003861180739477277 74
1736471531654 0.0003791501803789288 75
1736471532477 0.00038324910565279424 76
1736471533339 0.00036490248749032617 77
1736471534156 0.0004294550744816661 78
1736471534998 0.0004145209677517414 79
1736471535883 0.0003349898906890303 80
1736471536702 0.0003268899454269558 81
1736471537528 0.000332515686750412 82
1736471538341 0.0003182236396241933 83
1736471539185 0.000313715951051563 84
1736471540043 0.00033133241231553257 85
1736471540862 0.00032336238655261695 86
1736471541721 0.0005142424488440156 87
1736471542557 0.0005618918803520501 88
1736471543451 0.00035546586150303483 89
1736471544307 0.00028715975349768996 90
1736471545154 0.00033836739021353424 91
1736471545960 0.00031803088495507836 92
1736471546795 0.0002686192747205496 93
1736471547624 0.00025726048625074327 94
1736471548466 0.00024813145864754915 95
1736471549292 0.00024516103439964354 96
1736471550134 0.00030430685728788376 97
1736471550988 0.0002869991003535688 98
1736471551824 0.00024039493291638792 99
