1736471468177 0.2646775245666504 0
1736471468962 0.09696270525455475 1
1736471469921 0.06023607775568962 2
1736471470852 0.05205401033163071 3
1736471471844 0.04786189645528793 4
1736471472795 0.04498257115483284 5
1736471473660 0.042579539120197296 6
1736471474529 0.04064047336578369 7
1736471475414 0.038608912378549576 8
1736471476249 0.03676898032426834 9
1736471477070 0.0348675474524498 10
1736471477911 0.03306126594543457 11
1736471478777 0.031495921313762665 12
1736471479637 0.030742302536964417 13
1736471480487 0.02968556247651577 14
1736471481316 0.027687741443514824 15
1736471482182 0.026783566921949387 16
1736471483001 0.02606414444744587 17
1736471483821 0.02532041445374489 18
1736471484633 0.024754785001277924 19
1736471485476 0.024798769503831863 20
1736471486294 0.024154607206583023 21
1736471487095 0.025050582364201546 22
1736471487898 0.03515515476465225 23
1736471488724 0.03676319867372513 24
1736471489575 0.02402815781533718 25
1736471490384 0.02172527089715004 26
1736471491195 0.021349523216485977 27
1736471492013 0.02045309543609619 28
1736471492857 0.020123975351452827 29
1736471493663 0.020279355347156525 30
1736471494473 0.01920369453728199 31
1736471495297 0.01891322247684002 32
1736471496141 0.01785549521446228 33
1736471496955 0.017489217221736908 34
1736471497793 0.016992248594760895 35
1736471498600 0.017146287485957146 36
1736471499429 0.01750999689102173 37
1736471500242 0.01947505585849285 38
1736471501089 0.020792141556739807 39
1736471501900 0.017140749841928482 40
1736471502712 0.015790430828928947 41
1736471503525 0.014764134772121906 42
1736471504372 0.015120189636945724 43
1736471505188 0.016143133863806725 44
1736471505999 0.016488375142216682 45
1736471506810 0.016924481838941574 46
1736471507670 0.014063570648431778 47
1736471508500 0.014466963708400726 48
1736471509324 0.013463533483445644 49
1736471510123 0.01355967577546835 50
1736471511067 0.013049803674221039 51
1736471511963 0.012886126525700092 52
1736471512811 0.014028462581336498 53
1736471513637 0.01622404158115387 54
1736471514490 0.023525293916463852 55
1736471515305 0.02327786572277546 56
1736471516117 0.018074914813041687 57
1736471516930 0.014548051171004772 58
1736471517804 0.013663276098668575 59
1736471518647 0.012418979778885841 60
1736471519478 0.012846340425312519 61
1736471520329 0.01412379089742899 62
1736471521201 0.012165728025138378 63
1736471522034 0.012023155577480793 64
1736471522867 0.012444079853594303 65
1736471523772 0.013147079385817051 66
1736471524657 0.015052535571157932 67
1736471525585 0.02237209677696228 68
1736471526417 0.0425637885928154 69
1736471527325 0.02920154295861721 70
1736471528160 0.019420074298977852 71
1736471529003 0.01429407112300396 72
1736471529982 0.011887557804584503 73
1736471530843 0.011179286055266857 74
1736471531654 0.011082762852311134 75
1736471532477 0.011639537289738655 76
1736471533339 0.011227890849113464 77
1736471534156 0.012880765832960606 78
1736471534998 0.012698191218078136 79
1736471535883 0.010467017069458961 80
1736471536702 0.01026593055576086 81
1736471537528 0.010528712533414364 82
1736471538341 0.010303095914423466 83
1736471539185 0.010203252546489239 84
1736471540043 0.010917089879512787 85
1736471540862 0.010612879879772663 86
1736471541721 0.014444771222770214 87
1736471542557 0.016849683597683907 88
1736471543451 0.01176659669727087 89
1736471544307 0.009607399813830853 90
1736471545154 0.011207225732505322 91
1736471545960 0.010902616195380688 92
1736471546795 0.009255986660718918 93
1736471547624 0.008708185516297817 94
1736471548466 0.008545465767383575 95
1736471549292 0.008576815016567707 96
1736471550134 0.010786403901875019 97
1736471550988 0.010375418700277805 98
1736471551824 0.008551222272217274 99
