1736403285370 0.17198161780834198 0
1736403285937 0.025890793651342392 1
1736403286617 0.01382715255022049 2
1736403287243 0.010565697215497494 3
1736403287780 0.008713765069842339 4
1736403288340 0.0074714915826916695 5
1736403288975 0.006501382682472467 6
1736403289635 0.005731119774281979 7
1736403290370 0.0051197572611272335 8
1736403291055 0.004596581682562828 9
1736403291645 0.004156911745667458 10
1736403292265 0.0038055849727243185 11
1736403292875 0.003455993253737688 12
1736403293511 0.0031822524033486843 13
1736403294157 0.002906106412410736 14
1736403294762 0.002673196140676737 15
1736403295426 0.002483067801222205 16
1736403296102 0.002288214862346649 17
1736403296746 0.0021377839148044586 18
1736403297408 0.0019825950730592012 19
1736403298002 0.0018575621070340276 20
1736403298619 0.001743669854477048 21
1736403299326 0.0016792346723377705 22
1736403300002 0.0016331414226442575 23
1736403300806 0.0014741247287020087 24
1736403301427 0.0013762176968157291 25
1736403302024 0.0013019865145906806 26
1736403302669 0.001239940756931901 27
1736403303266 0.0011839511571452022 28
1736403303943 0.0011299074394628406 29
1736403304634 0.0010764439357444644 30
1736403305219 0.001053974381648004 31
1736403305952 0.0009979248279705644 32
1736403306518 0.0009655439644120634 33
1736403307088 0.0009579717880114913 34
1736403307771 0.0008871314930729568 35
1736403308464 0.0008719981415197253 36
1736403309069 0.0008431477472186089 37
1736403309625 0.0008521979325450957 38
1736403310319 0.0007720603607594967 39
1736403310899 0.0007348721264861524 40
1736403311489 0.0007261673454195261 41
1736403312117 0.0006942031322978437 42
1736403312723 0.0006615576567128301 43
1736403313252 0.0006556512671522796 44
1736403313794 0.00064206647220999 45
