1736403285370 0.2632497251033783 0
1736403285937 0.10307232290506363 1
1736403286617 0.06587837636470795 2
1736403287243 0.054701536893844604 3
1736403287780 0.049592819064855576 4
1736403288340 0.04615103453397751 5
1736403288975 0.043665118515491486 6
1736403289635 0.04169487580657005 7
1736403290370 0.040346357971429825 8
1736403291055 0.03888915851712227 9
1736403291645 0.03756769746541977 10
1736403292265 0.03647174313664436 11
1736403292875 0.03480035811662674 12
1736403293511 0.03367134928703308 13
1736403294157 0.032264161854982376 14
1736403294762 0.03065803460776806 15
1736403295426 0.02982303686439991 16
1736403296102 0.02836569771170616 17
1736403296746 0.027686292305588722 18
1736403297408 0.02641298994421959 19
1736403298002 0.025654099881649017 20
1736403298619 0.025027602910995483 21
1736403299326 0.02489987388253212 22
1736403300002 0.02583065629005432 23
1736403300806 0.023840609937906265 24
1736403301427 0.022531520575284958 25
1736403302024 0.021786700934171677 26
1736403302669 0.021411649882793427 27
1736403303266 0.021001270040869713 28
1736403303943 0.020560862496495247 29
1736403304634 0.02012256532907486 30
1736403305219 0.02016758732497692 31
1736403305952 0.01954547129571438 32
1736403306518 0.01941080577671528 33
1736403307088 0.01920664682984352 34
1736403307771 0.01835918053984642 35
1736403308464 0.018190469592809677 36
1736403309069 0.017996465787291527 37
1736403309625 0.018475085496902466 38
1736403310319 0.017070699483156204 39
1736403310899 0.01631670817732811 40
1736403311489 0.016847239807248116 41
1736403312117 0.015902476385235786 42
1736403312723 0.015329470857977867 43
1736403313252 0.015270199626684189 44
1736403313794 0.015700122341513634 45
