1736509761851 0.1540486067533493 0
1736509762378 0.02319994382560253 1
1736509763013 0.01267679687589407 2
1736509763711 0.00954120047390461 3
1736509764250 0.007956384681165218 4
1736509764777 0.006868639495223761 5
1736509765347 0.005976698361337185 6
1736509765867 0.005219229031354189 7
1736509766541 0.00459377421066165 8
1736509767085 0.004078701604157686 9
1736509767701 0.0036653203424066305 10
1736509768246 0.0033144683111459017 11
1736509768781 0.0030330102890729904 12
1736509769352 0.00277203181758523 13
1736509769997 0.002580042462795973 14
1736509770613 0.0024268082343041897 15
1736509771270 0.002202864969149232 16
1736509771839 0.0020332548301666975 17
1736509772395 0.001925489748828113 18
1736509772996 0.0017745285294950008 19
1736509773616 0.001666948781348765 20
1736509774216 0.0015857787802815437 21
1736509774977 0.001498468336649239 22
1736509775610 0.001403779606334865 23
1736509776301 0.0013084218371659517 24
1736509776878 0.0012672829907387495 25
1736509777430 0.001206743996590376 26
1736509778094 0.0011736954329535365 27
1736509778725 0.001115783816203475 28
1736509779263 0.0011233292752876878 29
1736509779766 0.0011576523538678885 30
1736509780363 0.0010100039653480053 31
1736509780892 0.0009339087991975248 32
1736509781434 0.0008853765903040767 33
1736509781977 0.0008431955357082188 34
1736509782567 0.0008247997029684484 35
1736509783148 0.0008555123349651694 36
1736509783822 0.0007590720779262483 37
1736509784406 0.0007406063959933817 38
1736509784983 0.0007208090974017978 39
1736509785640 0.0007029275875538588 40
1736509786185 0.000699309166520834 41
1736509786757 0.0006531659746542573 42
1736509787309 0.0007539403159171343 43
1736509787837 0.0006549321115016937 44
1736509788389 0.0006868535419926047 45
1736509789030 0.0006163879297673702 46
1736509789578 0.0005876755458302796 47
1736509790094 0.0006111137336120009 48
1736509790625 0.0006090845563448966 49
1736509791134 0.0006890319637022913 50
1736509791662 0.0006903596804477274 51
1736509792307 0.0005851107416674495 52
1736509792862 0.0005361859803088009 53
1736509793390 0.0005030566244386137 54
1736509793921 0.0004985757987014949 55
1736509794443 0.0005353374872356653 56
1736509794967 0.0005180549342185259 57
1736509795538 0.0005273440619930625 58
1736509796089 0.0004951812443323433 59
1736509796617 0.00046489009400829673 60
1736509797126 0.00045723182847723365 61
1736509797629 0.0004589968884829432 62
1736509798149 0.0004738887364510447 63
1736509798747 0.00047636436647735536 64
1736509799289 0.0004543720278888941 65
1736509799816 0.0004005342780146748 66
1736509800389 0.00046752538764849305 67
1736509800928 0.0004484262317419052 68
1736509801644 0.00043486582580953836 69
1736509802224 0.0005795106990262866 70
1736509802871 0.0008960856939665973 71
1736509803451 0.0005361695075407624 72
1736509804001 0.0005845327978022397 73
1736509804618 0.0004942542873322964 74
1736509805214 0.00039992033271119 75
1736509805875 0.00041334691923111677 76
1736509806533 0.00041254161624237895 77
1736509807079 0.0014039824018254876 78
1736509807613 0.0011294471332803369 79
1736509808134 0.0007279932615347207 80
1736509808673 0.0005239859456196427 81
1736509809196 0.0004171337641309947 82
1736509809749 0.0003690412559080869 83
1736509810283 0.00033959231222979724 84
1736509810820 0.000314136384986341 85
1736509811365 0.0003095145511906594 86
1736509811882 0.0003016660630237311 87
1736509812402 0.00030256083118729293 88
1736509812943 0.00029136580997146666 89
1736509813452 0.0002949504123535007 90
1736509813965 0.00029649268253706396 91
1736509814558 0.00029934957274235785 92
1736509815101 0.0002800935762934387 93
1736509815650 0.0002768851991277188 94
1736509816194 0.0002781966177280992 95
1736509816723 0.0003023518656846136 96
1736509817225 0.0002847313298843801 97
1736509817739 0.00032372603891417384 98
1736509818378 0.0003462000750005245 99
