1736509761851 0.24926313757896423 0
1736509762378 0.10233902931213379 1
1736509763013 0.06648258864879608 2
1736509763711 0.052993062883615494 3
1736509764250 0.048383623361587524 4
1736509764777 0.04522877559065819 5
1736509765347 0.04268491268157959 6
1736509765867 0.04046095907688141 7
1736509766541 0.038560833781957626 8
1736509767085 0.0369255505502224 9
1736509767701 0.03543204814195633 10
1736509768246 0.03399476408958435 11
1736509768781 0.03273634612560272 12
1736509769352 0.03149412199854851 13
1736509769997 0.03061545453965664 14
1736509770613 0.03068782016634941 15
1736509771270 0.028579533100128174 16
1736509771839 0.027251815423369408 17
1736509772395 0.02659587189555168 18
1736509772996 0.025526948273181915 19
1736509773616 0.024811964482069016 20
1736509774216 0.024151664227247238 21
1736509774977 0.023648547008633614 22
1736509775610 0.022793980315327644 23
1736509776301 0.02192091941833496 24
1736509776878 0.021735357120633125 25
1736509777430 0.021337764337658882 26
1736509778094 0.021113252267241478 27
1736509778725 0.020978018641471863 28
1736509779263 0.02098078280687332 29
1736509779766 0.021994033828377724 30
1736509780363 0.01997990347445011 31
1736509780892 0.018817061558365822 32
1736509781434 0.018202928826212883 33
1736509781977 0.017670560628175735 34
1736509782567 0.017429394647479057 35
1736509783148 0.018499771133065224 36
1736509783822 0.01661747694015503 37
1736509784406 0.016686290502548218 38
1736509784983 0.016226913779973984 39
1736509785640 0.01599612832069397 40
1736509786185 0.015982603654265404 41
1736509786757 0.015244782902300358 42
1736509787309 0.01731036975979805 43
1736509787837 0.015494033694267273 44
1736509788389 0.016454651951789856 45
1736509789030 0.015098446980118752 46
1736509789578 0.014285567216575146 47
1736509790094 0.01487764623016119 48
1736509790625 0.015148106962442398 49
1736509791134 0.017838047817349434 50
1736509791662 0.016856888309121132 51
1736509792307 0.014848041348159313 52
1736509792862 0.013885240070521832 53
1736509793390 0.012912239879369736 54
1736509793921 0.01310792751610279 55
1736509794443 0.013589216396212578 56
1736509794967 0.013176354579627514 57
1736509795538 0.013902195729315281 58
1736509796089 0.01313156820833683 59
1736509796617 0.01253298670053482 60
1736509797126 0.012520081363618374 61
1736509797629 0.012562734074890614 62
1736509798149 0.013004336506128311 63
1736509798747 0.01308925449848175 64
1736509799289 0.013114768080413342 65
1736509799816 0.011150925420224667 66
1736509800389 0.013321442529559135 67
1736509800928 0.01297956146299839 68
1736509801644 0.012350745499134064 69
1736509802224 0.015898196026682854 70
1736509802871 0.0193327646702528 71
1736509803451 0.014698882587254047 72
1736509804001 0.01599704474210739 73
1736509804618 0.01449958048760891 74
1736509805214 0.011961058713495731 75
1736509805875 0.012548151426017284 76
1736509806533 0.012523084878921509 77
1736509807079 0.02571304887533188 78
1736509807613 0.023937273770570755 79
1736509808134 0.01932532899081707 80
1736509808673 0.014658438041806221 81
1736509809196 0.01313978061079979 82
1736509809749 0.011400654911994934 83
1736509810283 0.010648317635059357 84
1736509810820 0.009577421471476555 85
1736509811365 0.009658807888627052 86
1736509811882 0.009388620965182781 87
1736509812402 0.00972399115562439 88
1736509812943 0.009242306463420391 89
1736509813452 0.009576354175806046 90
1736509813965 0.009641344659030437 91
1736509814558 0.010058246552944183 92
1736509815101 0.009240927174687386 93
1736509815650 0.009038914926350117 94
1736509816194 0.00941395666450262 95
1736509816723 0.01059191208332777 96
1736509817225 0.00976455956697464 97
1736509817739 0.011185198090970516 98
1736509818378 0.011646991595625877 99
