1736471080077 0.2814057469367981 0
1736471080979 0.02810625173151493 1
1736471082053 0.014050613157451153 2
1736471082929 0.010506058111786842 3
1736471083748 0.008968879468739033 4
1736471084570 0.007929911836981773 5
1736471085411 0.007060907781124115 6
1736471086263 0.0063149211928248405 7
1736471087064 0.005692183971405029 8
1736471087854 0.005119530484080315 9
1736471088680 0.0046597812324762344 10
1736471089492 0.004246158059686422 11
1736471090287 0.003910246305167675 12
1736471091088 0.0036093390081077814 13
1736471091873 0.003346698358654976 14
1736471092703 0.003106494667008519 15
1736471093505 0.002908663358539343 16
1736471094293 0.0027213948778808117 17
1736471095092 0.002540023298934102 18
1736471095973 0.0023919895756989717 19
1736471096801 0.0022505447268486023 20
1736471097626 0.0021236336324363947 21
1736471098496 0.002016449347138405 22
1736471099433 0.0019256584346294403 23
1736471100479 0.001824010512791574 24
1736471101778 0.0017374289454892278 25
1736471102676 0.0016610616585239768 26
1736471103613 0.0015920199221000075 27
1736471104494 0.0015325549757108092 28
1736471105418 0.0015212241560220718 29
1736471106342 0.0014380019856616855 30
1736471107270 0.0013634326169267297 31
1736471108190 0.0013219928368926048 32
1736471109271 0.0012695217737928033 33
1736471110232 0.0012449929490685463 34
1736471111162 0.0011855175253003836 35
1736471112463 0.0011450560996308923 36
1736471113711 0.0011093311477452517 37
1736471115162 0.0010956265032291412 38
1736471116370 0.0010596750071272254 39
1736471117553 0.0010792724788188934 40
1736471118833 0.0010637504747137427 41
1736471119588 0.00096500338986516 42
1736471120436 0.0009323263075202703 43
1736471121303 0.000948134867940098 44
1736471122095 0.0009421848226338625 45
1736471122887 0.0009531397372484207 46
1736471123654 0.0008970344206318259 47
1736471124442 0.0008120611892081797 48
1736471125286 0.0008135145180858672 49
