1736471080077 0.34391993284225464 0
1736471080979 0.11385300755500793 1
1736471082053 0.06526581197977066 2
1736471082929 0.05213827267289162 3
1736471083748 0.04886176064610481 4
1736471084570 0.04681973531842232 5
1736471085411 0.04474300146102905 6
1736471086263 0.042931608855724335 7
1736471087064 0.04169433191418648 8
1736471087854 0.04037151858210564 9
1736471088680 0.03914054483175278 10
1736471089492 0.037877604365348816 11
1736471090287 0.03668249398469925 12
1736471091088 0.03568727523088455 13
1736471091873 0.034549832344055176 14
1736471092703 0.03337578848004341 15
1736471093505 0.03240824490785599 16
1736471094293 0.03149290382862091 17
1736471095092 0.03031066618859768 18
1736471095973 0.029479097574949265 19
1736471096801 0.028619300574064255 20
1736471097626 0.02790137007832527 21
1736471098496 0.027208151295781136 22
1736471099433 0.026872629299759865 23
1736471100479 0.02597624622285366 24
1736471101778 0.025403548032045364 25
1736471102676 0.0248663779348135 26
1736471103613 0.024378053843975067 27
1736471104494 0.023867834359407425 28
1736471105418 0.02440989948809147 29
1736471106342 0.023229822516441345 30
1736471107270 0.02248290181159973 31
1736471108190 0.022189684212207794 32
1736471109271 0.021726319566369057 33
1736471110232 0.021822718903422356 34
1736471111162 0.020943308249115944 35
1736471112463 0.020522579550743103 36
1736471113711 0.02008434385061264 37
1736471115162 0.020367907360196114 38
1736471116370 0.0200260728597641 39
1736471117553 0.020352035760879517 40
1736471118833 0.02113674394786358 41
1736471119588 0.018751872703433037 42
1736471120436 0.018260179087519646 43
1736471121303 0.018979571759700775 44
1736471122095 0.01926266960799694 45
1736471122887 0.02004344016313553 46
1736471123654 0.01852918043732643 47
1736471124442 0.016881033778190613 48
1736471125286 0.01717333123087883 49
