1736472175087 0.2000272572040558 0
1736472175377 0.031895823776721954 1
1736472175638 0.017196809872984886 2
1736472175922 0.01245457399636507 3
1736472176255 0.010009100660681725 4
1736472176515 0.008511091582477093 5
1736472176789 0.007502052001655102 6
1736472177023 0.00673740403726697 7
1736472177253 0.006135817151516676 8
1736472177467 0.005617083515971899 9
1736472177715 0.005170553456991911 10
1736472177944 0.0047759502194821835 11
1736472178187 0.004420545883476734 12
1736472178421 0.004113082308322191 13
1736472178659 0.0038381910417228937 14
1736472178941 0.003579427022486925 15
1736472179175 0.0033565356861799955 16
1736472179413 0.003144834190607071 17
1736472179661 0.0029589803889393806 18
1736472179975 0.0027971926610916853 19
1736472180280 0.002642051549628377 20
1736472180672 0.0025009079836308956 21
1736472180930 0.0023548374883830547 22
1736472181197 0.0022378219291567802 23
1736472181466 0.0021197297610342503 24
1736472181737 0.0020177580881863832 25
1736472182004 0.0019095097668468952 26
1736472182329 0.0018164970679208636 27
1736472182634 0.0017312869895249605 28
1736472182922 0.0016539797652512789 29
1736472183190 0.001569553860463202 30
1736472183484 0.0014946155715733767 31
1736472183761 0.0014347097603604198 32
1736472184050 0.0013563998509198427 33
1736472184376 0.0012938567670062184 34
1736472184715 0.0012349544558674097 35
1736472185055 0.0011756219901144505 36
1736472185417 0.0011261022882536054 37
1736472185822 0.0010925953974947333 38
1736472186107 0.0010512578301131725 39
1736472186467 0.0010039100889116526 40
1736472186854 0.0009787252638489008 41
1736472187144 0.0009411414503119886 42
1736472187425 0.000898495374713093 43
1736472187664 0.0008715840522199869 44
1736472187934 0.000861121981870383 45
1736472188217 0.000823627517092973 46
1736472188507 0.000788837787695229 47
1736472188828 0.0007650725892744958 48
1736472189189 0.0007413906860165298 49
1736472189518 0.0007288052584044635 50
1736472189787 0.0007080658106133342 51
1736472190037 0.0006855587125755847 52
1736472190296 0.0006740012322552502 53
1736472190641 0.0006771928165107965 54
1736472190940 0.0006404077867045999 55
1736472191213 0.000620748964138329 56
1736472191521 0.0006735798669978976 57
1736472191903 0.0006112410337664187 58
1736472192286 0.0005997460684739053 59
1736472192660 0.0005949095357209444 60
1736472193080 0.0005739913322031498 61
1736472193518 0.0006984247593209147 62
1736472193881 0.0005856093484908342 63
1736472194266 0.000572154123801738 64
1736472194596 0.0005193137913011014 65
1736472194905 0.0005039378884248435 66
1736472195244 0.0005002181278541684 67
1736472195547 0.0004802955954801291 68
1736472195802 0.0004713395028375089 69
1736472196028 0.00045847901492379606 70
1736472196256 0.0004549407458398491 71
1736472196487 0.00045394967310130596 72
1736472196723 0.00043686165008693933 73
1736472196963 0.00043847717461176217 74
1736472197210 0.0004371312097646296 75
1736472197440 0.0004337075515650213 76
1736472197700 0.000414458365412429 77
1736472198074 0.0004066028050146997 78
1736472198378 0.0004052174626849592 79
1736472198637 0.0003953342675231397 80
1736472198887 0.0003875396796502173 81
1736472199136 0.0003871855733450502 82
1736472199395 0.00038956888602115214 83
1736472199647 0.0003846564795821905 84
1736472199930 0.000373458256945014 85
1736472200220 0.0003603372897487134 86
1736472200475 0.00035518131335265934 87
1736472200738 0.00035985608701594174 88
1736472200988 0.0003449157811701298 89
1736472201243 0.00034123274963349104 90
1736472201493 0.0003384229203220457 91
1736472201742 0.0003313653578516096 92
1736472201993 0.000331873947288841 93
1736472202304 0.00034270502510480583 94
1736472202562 0.0003280359669588506 95
1736472202834 0.00031378623680211604 96
1736472203118 0.0003179603081662208 97
1736472203376 0.0003200073551852256 98
1736472203638 0.00032326747896149755 99
