1736472175087 0.29158884286880493 0
1736472175377 0.11774619668722153 1
1736472175638 0.07372279465198517 2
1736472175922 0.06021599471569061 3
1736472176255 0.05505608022212982 4
1736472176515 0.05215929448604584 5
1736472176789 0.04940565675497055 6
1736472177023 0.04689697548747063 7
1736472177253 0.04485674947500229 8
1736472177467 0.04303816705942154 9
1736472177715 0.04141775146126747 10
1736472177944 0.039782606065273285 11
1736472178187 0.03839690983295441 12
1736472178421 0.03729008138179779 13
1736472178659 0.03621635213494301 14
1736472178941 0.03521427512168884 15
1736472179175 0.034371186047792435 16
1736472179413 0.033316776156425476 17
1736472179661 0.032616324722766876 18
1736472179975 0.03200533241033554 19
1736472180280 0.03133789077401161 20
1736472180672 0.03068411909043789 21
1736472180930 0.029742490500211716 22
1736472181197 0.029082633554935455 23
1736472181466 0.028367236256599426 24
1736472181737 0.027725210413336754 25
1736472182004 0.02698439732193947 26
1736472182329 0.02627306431531906 27
1736472182634 0.02572265826165676 28
1736472182922 0.025291237980127335 29
1736472183190 0.02454013004899025 30
1736472183484 0.02384847030043602 31
1736472183761 0.023322124034166336 32
1736472184050 0.022681858390569687 33
1736472184376 0.022082103416323662 34
1736472184715 0.02162962034344673 35
1736472185055 0.021018434315919876 36
1736472185417 0.02045692503452301 37
1736472185822 0.020247336477041245 38
1736472186107 0.020132120698690414 39
1736472186467 0.019327562302350998 40
1736472186854 0.01930565945804119 41
1736472187144 0.018733540549874306 42
1736472187425 0.018030403181910515 43
1736472187664 0.017866667360067368 44
1736472187934 0.017951250076293945 45
1736472188217 0.01728976145386696 46
1736472188507 0.016935598105192184 47
1736472188828 0.016568878665566444 48
1736472189189 0.0162676852196455 49
1736472189518 0.01622823253273964 50
1736472189787 0.016072118654847145 51
1736472190037 0.015683474019169807 52
1736472190296 0.015456276945769787 53
1736472190641 0.015552163124084473 54
1736472190940 0.015032561495900154 55
1736472191213 0.014639204367995262 56
1736472191521 0.016294842585921288 57
1736472191903 0.01476210542023182 58
1736472192286 0.014431501738727093 59
1736472192660 0.014598139561712742 60
1736472193080 0.014319324865937233 61
1736472193518 0.017257146537303925 62
1736472193881 0.014932319521903992 63
1736472194266 0.015188707038760185 64
1736472194596 0.013301321305334568 65
1736472194905 0.012879298068583012 66
1736472195244 0.012945366092026234 67
1736472195547 0.01257673092186451 68
1736472195802 0.012451549991965294 69
1736472196028 0.012142863124608994 70
1736472196256 0.0121189309284091 71
1736472196487 0.012287630699574947 72
1736472196723 0.011831829324364662 73
1736472196963 0.011988271027803421 74
1736472197210 0.012052690610289574 75
1736472197440 0.011947979219257832 76
1736472197700 0.011520285159349442 77
1736472198074 0.011402269825339317 78
1736472198378 0.011365300044417381 79
1736472198637 0.011265338398516178 80
1736472198887 0.011069383472204208 81
1736472199136 0.011208646930754185 82
1736472199395 0.011264637112617493 83
1736472199647 0.011355490423738956 84
1736472199930 0.011012636125087738 85
1736472200220 0.010578600689768791 86
1736472200475 0.010487150400876999 87
1736472200738 0.010863038711249828 88
1736472200988 0.010307597927749157 89
1736472201243 0.010142428800463676 90
1736472201493 0.010312060825526714 91
1736472201742 0.010021347552537918 92
1736472201993 0.010088547132909298 93
1736472202304 0.010745112784206867 94
1736472202562 0.010351208038628101 95
1736472202834 0.009681545197963715 96
1736472203118 0.00990690104663372 97
1736472203376 0.010083992034196854 98
1736472203638 0.010457582771778107 99
