1736427379170 0.20573189854621887 0
1736427379494 0.032556843012571335 1
1736427379870 0.015982016921043396 2
1736427380258 0.012056045234203339 3
1736427380612 0.01014938298612833 4
1736427380926 0.009019752033054829 5
1736427381237 0.008196241222321987 6
1736427381558 0.007463475223630667 7
1736427381873 0.006855490151792765 8
1736427382211 0.006315700244158506 9
1736427382540 0.0058535244315862656 10
1736427382857 0.005430778954178095 11
1736427383209 0.005061371251940727 12
1736427383560 0.004712109453976154 13
1736427383905 0.004404198378324509 14
1736427384249 0.004127629566937685 15
1736427384565 0.0038758113514631987 16
1736427384920 0.003648300189524889 17
1736427385267 0.003429778153076768 18
1736427385581 0.0032441678922623396 19
1736427385900 0.0030646291561424732 20
1736427386225 0.0029053951147943735 21
1736427386544 0.002756985602900386 22
1736427386882 0.0026145721785724163 23
1736427387242 0.0024826969020068645 24
1736427387552 0.0023770425468683243 25
1736427387960 0.002278006635606289 26
1736427388315 0.0021805467549711466 27
1736427388653 0.0020605751778930426 28
1736427388999 0.0019627343863248825 29
1736427389317 0.0018820047844201326 30
1736427389639 0.0017903265543282032 31
1736427389953 0.001719788764603436 32
1736427390269 0.001649570418521762 33
1736427390611 0.0015759761445224285 34
1736427390940 0.0015075121773406863 35
1736427391260 0.0014470330206677318 36
1736427391610 0.0013906675158068538 37
1736427391914 0.0013305499451234937 38
1736427392277 0.0012755785137414932 39
1736427392663 0.0012281314702704549 40
1736427392991 0.0011834263568744063 41
1736427393310 0.0011406425619497895 42
1736427393629 0.0011020841775462031 43
1736427394008 0.001060527516528964 44
1736427394328 0.001024241792038083 45
1736427394643 0.0009845088934525847 46
1736427394953 0.0009616963798180223 47
1736427395266 0.0009424512390978634 48
1736427395583 0.0009056538692675531 49
1736427395889 0.0008744631195440888 50
1736427396209 0.0008447401341982186 51
1736427396533 0.0008217975846491754 52
1736427396856 0.0007949330029077828 53
1736427397183 0.0007770676747895777 54
1736427397500 0.00075852609006688 55
1736427397815 0.0007555575575679541 56
1736427398128 0.000723926059436053 57
1736427398456 0.0007026819512248039 58
1736427398777 0.0006838224362581968 59
1736427399087 0.0006734129856340587 60
1736427399416 0.0006624370580539107 61
1736427399729 0.0006437746342271566 62
1736427400048 0.0006245586555451155 63
1736427400392 0.0006089249509386718 64
1736427400705 0.0006120593170635402 65
1736427401032 0.0005918083479627967 66
1736427401342 0.0005881924880668521 67
1736427401662 0.0005895085632801056 68
1736427401974 0.0005525718443095684 69
1736427402290 0.0005629868828691542 70
1736427402611 0.0005505413864739239 71
1736427402933 0.0005228187656030059 72
1736427403312 0.0005165204056538641 73
1736427403646 0.0005039171082898974 74
1736427403975 0.0004977118805982172 75
1736427404294 0.0005038139643147588 76
1736427404617 0.00047877655015327036 77
1736427404939 0.00047430521226488054 78
1736427405248 0.00045797627535648644 79
1736427405575 0.0004520273068919778 80
1736427405880 0.0004455118905752897 81
1736427406198 0.00044050757423974574 82
1736427406536 0.00043378150439821184 83
1736427406864 0.0004358551523182541 84
1736427407205 0.000471035047667101 85
1736427407559 0.00045634876005351543 86
1736427407898 0.0004284645547159016 87
1736427408216 0.00039930842467583716 88
1736427408539 0.00039424546412192285 89
1736427408858 0.0004011176060885191 90
1736427409172 0.0004640346742235124 91
1736427409509 0.0004479377530515194 92
1736427409820 0.0004192872147541493 93
1736427410145 0.0003821409773081541 94
1736427410467 0.0003782406565733254 95
1736427410774 0.0003681959642563015 96
1736427411103 0.0003624098899308592 97
1736427411417 0.00035605431185103953 98
1736427411739 0.0003712709294632077 99
