1736427379170 0.2873058319091797 0
1736427379494 0.1239573210477829 1
1736427379870 0.07153861969709396 2
1736427380258 0.057847365736961365 3
1736427380612 0.0531335212290287 4
1736427380926 0.050979677587747574 5
1736427381237 0.04915532097220421 6
1736427381558 0.0472138337790966 7
1736427381873 0.04555385559797287 8
1736427382211 0.0439794585108757 9
1736427382540 0.04250907525420189 10
1736427382857 0.04113001376390457 11
1736427383209 0.03996260464191437 12
1736427383560 0.03852543234825134 13
1736427383905 0.03743793070316315 14
1736427384249 0.03651311621069908 15
1736427384565 0.035513248294591904 16
1736427384920 0.03473109006881714 17
1736427385267 0.033771686255931854 18
1736427385581 0.033124130219221115 19
1736427385900 0.032513462007045746 20
1736427386225 0.03182292357087135 21
1736427386544 0.031246842816472054 22
1736427386882 0.030583932995796204 23
1736427387242 0.029884397983551025 24
1736427387552 0.02942342311143875 25
1736427387960 0.02886114828288555 26
1736427388315 0.02870613895356655 27
1736427388653 0.027573375031352043 28
1736427388999 0.02679597958922386 29
1736427389317 0.026488833129405975 30
1736427389639 0.025628307834267616 31
1736427389953 0.025134636089205742 32
1736427390269 0.024697059765458107 33
1736427390611 0.024125728756189346 34
1736427390940 0.02363157831132412 35
1736427391260 0.02307415008544922 36
1736427391610 0.022632287815213203 37
1736427391914 0.022135291248559952 38
1736427392277 0.02156456932425499 39
1736427392663 0.021148517727851868 40
1736427392991 0.02079511247575283 41
1736427393310 0.020439982414245605 42
1736427393629 0.020085489377379417 43
1736427394008 0.019717730581760406 44
1736427394328 0.019450495019555092 45
1736427394643 0.018989598378539085 46
1736427394953 0.01887490786612034 47
1736427395266 0.018918780609965324 48
1736427395583 0.01849876344203949 49
1736427395889 0.01803933084011078 50
1736427396209 0.01771530695259571 51
1736427396533 0.017524354159832 52
1736427396856 0.017179010435938835 53
1736427397183 0.017005816102027893 54
1736427397500 0.016793102025985718 55
1736427397815 0.0170076172798872 56
1736427398128 0.01634983718395233 57
1736427398456 0.016080597415566444 58
1736427398777 0.015808768570423126 59
1736427399087 0.015825770795345306 60
1736427399416 0.015632880851626396 61
1736427399729 0.015432574786245823 62
1736427400048 0.01513658557087183 63
1736427400392 0.014755993150174618 64
1736427400705 0.014880692586302757 65
1736427401032 0.014625412411987782 66
1736427401342 0.014662298373878002 67
1736427401662 0.014908857643604279 68
1736427401974 0.01402248814702034 69
1736427402290 0.014400864019989967 70
1736427402611 0.014095625840127468 71
1736427402933 0.013553098775446415 72
1736427403312 0.01364319771528244 73
1736427403646 0.013312357477843761 74
1736427403975 0.013242160901427269 75
1736427404294 0.013622433878481388 76
1736427404617 0.0129874711856246 77
1736427404939 0.01279602199792862 78
1736427405248 0.012391489930450916 79
1736427405575 0.012377800419926643 80
1736427405880 0.012261313386261463 81
1736427406198 0.012079926207661629 82
1736427406536 0.012145987711846828 83
1736427406864 0.011987060308456421 84
1736427407205 0.012914109043776989 85
1736427407559 0.01259398553520441 86
1736427407898 0.012156170792877674 87
1736427408216 0.011308032087981701 88
1736427408539 0.011225039139389992 89
1736427408858 0.011891904287040234 90
1736427409172 0.012850510887801647 91
1736427409509 0.013337010517716408 92
1736427409820 0.012943929061293602 93
1736427410145 0.011364184319972992 94
1736427410467 0.011207608506083488 95
1736427410774 0.010813207365572453 96
1736427411103 0.010800529271364212 97
1736427411417 0.010611857287585735 98
1736427411739 0.011312154121696949 99
