1736403123350 0.2071211338043213 0
1736403123652 0.045378345996141434 1
1736403123963 0.02588680200278759 2
1736403124311 0.019421352073550224 3
1736403124696 0.015942074358463287 4
1736403124990 0.013235979713499546 5
1736403125321 0.011348700150847435 6
1736403125654 0.010090441443026066 7
1736403125955 0.009108686819672585 8
1736403126271 0.008321587927639484 9
1736403126524 0.007654697634279728 10
1736403126841 0.007141727954149246 11
1736403127105 0.0066541158594191074 12
1736403127372 0.006247188895940781 13
