1736403123350 0.30022671818733215 0
1736403123652 0.142653688788414 1
1736403123963 0.09233077615499496 2
1736403124311 0.07609204947948456 3
1736403124696 0.06642770767211914 4
1736403124990 0.060617122799158096 5
1736403125321 0.05673227831721306 6
1736403125654 0.05431266874074936 7
1736403125955 0.052193980664014816 8
1736403126271 0.05028326064348221 9
1736403126524 0.04863936826586723 10
1736403126841 0.04728352278470993 11
1736403127105 0.04578087478876114 12
1736403127372 0.04447473958134651 13
