1736511106678 0.32476404309272766 0
1736511107107 0.053799889981746674 1
1736511107460 0.02450237050652504 2
1736511107823 0.017560159787535667 3
1736511108139 0.014244192279875278 4
1736511108439 0.01223265752196312 5
1736511108724 0.010737358592450619 6
1736511109014 0.009626063518226147 7
1736511109357 0.008674489334225655 8
1736511109677 0.007883554324507713 9
1736511109965 0.007186079863458872 10
1736511110256 0.00641963304951787 11
1736511110534 0.005842282902449369 12
1736511110830 0.005362228490412235 13
1736511111136 0.004942889325320721 14
1736511111417 0.004582684021443129 15
1736511111689 0.004260791465640068 16
1736511111964 0.003977816551923752 17
1736511112233 0.003715012688189745 18
1736511112536 0.003482599277049303 19
1736511112830 0.0032708197832107544 20
1736511113109 0.0030804083216935396 21
1736511113419 0.002903763670474291 22
1736511113719 0.0027489399071782827 23
1736511113993 0.0026031883899122477 24
1736511114280 0.002468924270942807 25
1736511114585 0.0023439659271389246 26
1736511114868 0.002231283113360405 27
1736511115136 0.0021313782781362534 28
1736511115408 0.002028880873695016 29
1736511115721 0.0019381447928026319 30
1736511115993 0.0018466705223545432 31
1736511116269 0.0017668067011982203 32
1736511116535 0.0016906121745705605 33
1736511116807 0.00162186985835433 34
1736511117078 0.0015622307546436787 35
1736511117381 0.001497232704423368 36
1736511117684 0.0014399649808183312 37
1736511118004 0.0013878758763894439 38
1736511118324 0.0013340575387701392 39
1736511118643 0.001290615531615913 40
1736511118936 0.0012471384834498167 41
1736511119210 0.0012003107694908977 42
1736511119478 0.0011667367070913315 43
1736511119748 0.0011335834860801697 44
1736511120019 0.0010895213345065713 45
1736511120320 0.0010510218562558293 46
1736511120618 0.0010294989915564656 47
1736511120929 0.0009971780236810446 48
1736511121215 0.000965681450907141 49
1736511121616 0.0009383797878399491 50
1736511122033 0.0009116584551520646 51
1736511122389 0.0008817057241685688 52
1736511122699 0.0008612694218754768 53
1736511123033 0.0008576787658967078 54
1736511123317 0.0008140095160342753 55
1736511123643 0.0007950448198243976 56
1736511123947 0.0007737249834463 57
1736511124261 0.0007552418974228203 58
1736511124549 0.0007377647561952472 59
1736511124871 0.000732290733139962 60
1736511125188 0.0007044162484817207 61
1736511125492 0.0006877945270389318 62
1736511125770 0.0006645182729698718 63
1736511126081 0.0006555827567353845 64
1736511126397 0.0006385614979080856 65
1736511126712 0.0006180436466820538 66
1736511127026 0.0006103546475060284 67
1736511127323 0.0006090935203246772 68
1736511127602 0.0006096891011111438 69
1736511127867 0.0005751277203671634 70
1736511128137 0.0005680475733242929 71
1736511128432 0.0005634689587168396 72
1736511128747 0.0005489319446496665 73
1736511129064 0.0005833996110595763 74
1736511129344 0.0005229325033724308 75
1736511129611 0.0005314787267707288 76
1736511129930 0.0005075983935967088 77
1736511130197 0.0004974674084223807 78
1736511130476 0.0004799181770067662 79
1736511130764 0.0004694849194493145 80
1736511131035 0.0004823360941372812 81
1736511131311 0.0004585245915222913 82
1736511131611 0.00046869361540302634 83
1736511131957 0.0004447473038453609 84
1736511132291 0.0004317341954447329 85
1736511132591 0.0004401534388307482 86
1736511132862 0.0004389819805510342 87
1736511133136 0.00040893032564781606 88
1736511133406 0.00040984273073263466 89
1736511133670 0.00040000869194045663 90
1736511133932 0.0003901611780747771 91
1736511134203 0.00039674510480836034 92
1736511134471 0.0003918256261385977 93
1736511134772 0.0003789467446040362 94
1736511135045 0.0003723078116308898 95
1736511135311 0.00039089625352062285 96
1736511135581 0.00036377806100063026 97
1736511135868 0.00035648507764562964 98
1736511136149 0.00035755371209234 99
