1736511106678 0.31082484126091003 0
1736511107107 0.1435239166021347 1
1736511107460 0.0862758681178093 2
1736511107823 0.06888832896947861 3
1736511108139 0.06121305748820305 4
1736511108439 0.05752740800380707 5
1736511108724 0.054463084787130356 6
1736511109014 0.05183243378996849 7
1736511109357 0.04936373606324196 8
1736511109677 0.04745161905884743 9
1736511109965 0.04573547840118408 10
1736511110256 0.043364811688661575 11
1736511110534 0.041682202368974686 12
1736511110830 0.04042463004589081 13
1736511111136 0.03898278623819351 14
1736511111417 0.03794940933585167 15
1736511111689 0.036908138543367386 16
1736511111964 0.03583807870745659 17
1736511112233 0.03486700728535652 18
1736511112536 0.033963270485401154 19
1736511112830 0.033183563500642776 20
1736511113109 0.03236798197031021 21
1736511113419 0.03155909851193428 22
1736511113719 0.03088725171983242 23
1736511113993 0.030193140730261803 24
1736511114280 0.02956465445458889 25
1736511114585 0.028919782489538193 26
1736511114868 0.028390824794769287 27
1736511115136 0.027912599965929985 28
1736511115408 0.027295300737023354 29
1736511115721 0.026714107021689415 30
1736511115993 0.026202278211712837 31
1736511116269 0.025701118633151054 32
1736511116535 0.025298409163951874 33
1736511116807 0.024854307994246483 34
1736511117078 0.024487437680363655 35
1736511117381 0.023976225405931473 36
1736511117684 0.023516224697232246 37
1736511118004 0.023238033056259155 38
1736511118324 0.022719338536262512 39
1736511118643 0.022537628188729286 40
1736511118936 0.022173097357153893 41
1736511119210 0.021697930991649628 42
1736511119478 0.021370558068156242 43
1736511119748 0.021238116547465324 44
1736511120019 0.020783651620149612 45
1736511120320 0.020360540598630905 46
1736511120618 0.020233485847711563 47
1736511120929 0.019933154806494713 48
1736511121215 0.019457217305898666 49
1736511121616 0.01920175924897194 50
1736511122033 0.019028909504413605 51
1736511122389 0.018534870818257332 52
1736511122699 0.018328264355659485 53
1736511123033 0.01832299493253231 54
1736511123317 0.017764728516340256 55
1736511123643 0.017596516758203506 56
1736511123947 0.017375821247696877 57
1736511124261 0.017146874219179153 58
1736511124549 0.0168581735342741 59
1736511124871 0.016813233494758606 60
1736511125188 0.016392724588513374 61
1736511125492 0.01620722934603691 62
1736511125770 0.01589409075677395 63
1736511126081 0.015796905383467674 64
1736511126397 0.01562776044011116 65
1736511126712 0.015269924886524677 66
1736511127026 0.015141010284423828 67
1736511127323 0.015239409171044827 68
1736511127602 0.015385699458420277 69
1736511127867 0.014718410558998585 70
1736511128137 0.014638646505773067 71
1736511128432 0.014701536856591702 72
1736511128747 0.01448071375489235 73
1736511129064 0.014908112585544586 74
1736511129344 0.014116417616605759 75
1736511129611 0.014071224257349968 76
1736511129930 0.013833810575306416 77
1736511130197 0.013509156182408333 78
1736511130476 0.013327733613550663 79
1736511130764 0.013064476661384106 80
1736511131035 0.01331972423940897 81
1736511131311 0.01286868005990982 82
1736511131611 0.01311416458338499 83
1736511131957 0.012814364396035671 84
1736511132291 0.012457715347409248 85
1736511132591 0.012577928602695465 86
1736511132862 0.01276384387165308 87
1736511133136 0.012005364522337914 88
1736511133406 0.012206174433231354 89
1736511133670 0.01186991948634386 90
1736511133932 0.011661783792078495 91
1736511134203 0.012062231078743935 92
1736511134471 0.012205187231302261 93
1736511134772 0.011787418276071548 94
1736511135045 0.011448264122009277 95
1736511135311 0.012219231575727463 96
1736511135581 0.011305645108222961 97
1736511135868 0.011180678382515907 98
1736511136149 0.011110251769423485 99
