1736511249965 0.25166192650794983 0
1736511250798 0.029910050332546234 1
1736511251655 0.014791165478527546 2
1736511252419 0.010693928226828575 3
1736511253177 0.008857397362589836 4
1736511253999 0.007729838602244854 5
1736511254755 0.006839263718575239 6
1736511255515 0.0060841357335448265 7
1736511256265 0.0054394849576056 8
1736511257012 0.004902741871774197 9
1736511257853 0.004445413127541542 10
1736511258655 0.004048529081046581 11
1736511259460 0.0036957396660000086 12
1736511260238 0.003394070081412792 13
1736511260986 0.003107016207650304 14
1736511261770 0.002875944599509239 15
1736511262522 0.002672856207937002 16
1736511263309 0.002494456944987178 17
1736511264064 0.002327790716663003 18
1736511264857 0.0021872057113796473 19
1736511265640 0.002067492576315999 20
1736511266392 0.001970269251614809 21
1736511267137 0.0018659692723304033 22
1736511267964 0.0017609589267522097 23
1736511268724 0.0016701562562957406 24
1736511269493 0.00159983872435987 25
1736511270252 0.0015162420459091663 26
1736511271000 0.00144702079705894 27
1736511271799 0.001395744038745761 28
1736511272588 0.0013343495083972812 29
1736511273352 0.0012887814082205296 30
1736511274110 0.0012287759454920888 31
1736511274896 0.0012242932571098208 32
1736511275648 0.0011590583017095923 33
1736511276409 0.0011156232794746757 34
1736511277199 0.0010603764094412327 35
1736511277963 0.0010209382744506001 36
1736511278756 0.0009873064700514078 37
1736511279516 0.0009779155952855945 38
1736511280281 0.0009303262340836227 39
1736511281067 0.0008979962440207601 40
1736511281898 0.0008945090812630951 41
1736511282679 0.0008850846788845956 42
1736511283518 0.0009636837057769299 43
1736511284354 0.0008986506727524102 44
1736511285098 0.0008672768599353731 45
1736511285839 0.0008018066291697323 46
1736511286625 0.0007632960914634168 47
1736511287450 0.0007783203618600965 48
1736511288217 0.0007568817818537354 49
1736511288966 0.0007677818066440523 50
1736511289762 0.0007457139436155558 51
1736511290522 0.0007168478914536536 52
1736511291348 0.0007297956617549062 53
1736511292102 0.0008754300069995224 54
1736511292862 0.0012849161867052317 55
1736511293651 0.001543648773804307 56
1736511294414 0.001342994743026793 57
1736511295207 0.0009509078226983547 58
1736511296007 0.0009790000040084124 59
1736511296775 0.0007444585207849741 60
1736511297538 0.0006432589725591242 61
1736511298350 0.0006046003545634449 62
1736511299258 0.0005835713818669319 63
1736511300261 0.0005687751690857112 64
1736511301174 0.0005442152032628655 65
1736511302129 0.0005406897980719805 66
1736511302955 0.000528803386259824 67
1736511303884 0.0005130331846885383 68
1736511304995 0.000534065708052367 69
1736511305841 0.0005234137061052024 70
1736511306718 0.000520362751558423 71
1736511307623 0.0004923331434838474 72
1736511308525 0.0005038643721491098 73
1736511309379 0.0004763881443068385 74
1736511310256 0.0004587831790558994 75
1736511311228 0.0004443496582098305 76
1736511312222 0.00042912858771160245 77
1736511313220 0.00047163880662992597 78
1736511314115 0.000489991158246994 79
1736511315116 0.0005317750619724393 80
1736511316449 0.000504220079164952 81
1736511317402 0.00045404047705233097 82
1736511318320 0.00042750826105475426 83
1736511319285 0.00043262698454782367 84
1736511320579 0.0004739383002743125 85
1736511321821 0.0005702937487512827 86
1736511322702 0.0005108813638798892 87
1736511323608 0.0004890175769105554 88
1736511324647 0.0004411643312778324 89
1736511325566 0.00046798159019090235 90
1736511326453 0.00038536149077117443 91
1736511327261 0.00037441158201545477 92
1736511328266 0.0003635546308942139 93
1736511329231 0.00035674983519129455 94
1736511330131 0.0003988260868936777 95
1736511331154 0.002987049287185073 96
1736511332197 0.002039795508608222 97
1736511333037 0.0008087811875157058 98
1736511333959 0.00048523169243708253 99
