1736511249965 0.30971091985702515 0
1736511250798 0.11237774044275284 1
1736511251655 0.06877601891756058 2
1736511252419 0.05386215075850487 3
1736511253177 0.04929783195257187 4
1736511253999 0.04728623479604721 5
1736511254755 0.04563023895025253 6
1736511255515 0.04394306614995003 7
1736511256265 0.04239652305841446 8
1736511257012 0.04079616069793701 9
1736511257853 0.03924533724784851 10
1736511258655 0.037776507437229156 11
1736511259460 0.0361485481262207 12
1736511260238 0.03489149734377861 13
1736511260986 0.03357779607176781 14
1736511261770 0.03238249197602272 15
1736511262522 0.031276993453502655 16
1736511263309 0.03025432862341404 17
1736511264064 0.02935440093278885 18
1736511264857 0.028542950749397278 19
1736511265640 0.02792149968445301 20
1736511266392 0.027485297992825508 21
1736511267137 0.026730064302682877 22
1736511267964 0.02603965252637863 23
1736511268724 0.025286395102739334 24
1736511269493 0.02488083206117153 25
1736511270252 0.02406032383441925 26
1736511271000 0.023387745022773743 27
1736511271799 0.023375337943434715 28
1736511272588 0.022559352219104767 29
1736511273352 0.022160550579428673 30
1736511274110 0.021478835493326187 31
1736511274896 0.02166377566754818 32
1736511275648 0.021402589976787567 33
1736511276409 0.020562637597322464 34
1736511277199 0.019676871597766876 35
1736511277963 0.019218765199184418 36
1736511278756 0.018729573115706444 37
1736511279516 0.018726103007793427 38
1736511280281 0.018292361870408058 39
1736511281067 0.017624732106924057 40
1736511281898 0.017839081585407257 41
1736511282679 0.017694607377052307 42
1736511283518 0.019993016496300697 43
1736511284354 0.018529996275901794 44
1736511285098 0.017837349325418472 45
1736511285839 0.017020216211676598 46
1736511286625 0.01613403484225273 47
1736511287450 0.016412079334259033 48
1736511288217 0.016639813780784607 49
1736511288966 0.016699809581041336 50
1736511289762 0.016364779323339462 51
1736511290522 0.01587941311299801 52
1736511291348 0.016660645604133606 53
1736511292102 0.018911199644207954 54
1736511292862 0.02321605570614338 55
1736511293651 0.026499100029468536 56
1736511294414 0.025886178016662598 57
1736511295207 0.02057671919465065 58
1736511296007 0.020989757031202316 59
1736511296775 0.01680315099656582 60
1736511297538 0.015113440342247486 61
1736511298350 0.01410848181694746 62
1736511299258 0.014014532789587975 63
1736511300261 0.01374792493879795 64
1736511301174 0.012975781224668026 65
1736511302129 0.013080749660730362 66
1736511302955 0.01300983875989914 67
1736511303884 0.01259938720613718 68
1736511304995 0.013169622980058193 69
1736511305841 0.013109374791383743 70
1736511306718 0.013113448396325111 71
1736511307623 0.012578239664435387 72
1736511308525 0.013108158484101295 73
1736511309379 0.012619460001587868 74
1736511310256 0.011782001703977585 75
1736511311228 0.011532142758369446 76
1736511312222 0.011043170467019081 77
1736511313220 0.012835655361413956 78
1736511314115 0.01300187036395073 79
1736511315116 0.013610046356916428 80
1736511316449 0.013304635882377625 81
1736511317402 0.012334173545241356 82
1736511318320 0.011655785143375397 83
1736511319285 0.012216967530548573 84
1736511320579 0.013273743912577629 85
1736511321821 0.01593390852212906 86
1736511322702 0.013924935832619667 87
1736511323608 0.013172400183975697 88
1736511324647 0.012101537548005581 89
1736511325566 0.0129695450887084 90
1736511326453 0.010919790714979172 91
1736511327261 0.010696981102228165 92
1736511328266 0.01062900573015213 93
1736511329231 0.010232358239591122 94
1736511330131 0.011468284763395786 95
1736511331154 0.032253991812467575 96
1736511332197 0.03432423993945122 97
1736511333037 0.019075412303209305 98
1736511333959 0.013522212393581867 99
