1736510805355 0.6035199165344238 0
1736510805681 0.09905342757701874 1
1736510806020 0.04633206129074097 2
1736510806358 0.02573932148516178 3
1736510806694 0.019115010276436806 4
1736510807033 0.016426850110292435 5
1736510807348 0.014285306446254253 6
1736510807644 0.0127371521666646 7
1736510807934 0.011609885841608047 8
1736510808236 0.010671999305486679 9
1736510808529 0.009898090735077858 10
1736510808841 0.00925842858850956 11
1736510809205 0.00869650300592184 12
1736510809564 0.008188774809241295 13
1736510809897 0.007733592763543129 14
1736510810207 0.007322925608605146 15
1736510810505 0.006942623760551214 16
1736510810793 0.006593022029846907 17
1736510811086 0.0062703778967261314 18
1736510811374 0.0059667229652404785 19
1736510811657 0.005681608337908983 20
1736510811942 0.005415615625679493 21
1736510812252 0.005174774210900068 22
1736510812569 0.004952547140419483 23
1736510812883 0.0047317431308329105 24
1736510813277 0.004528211895376444 25
1736510813636 0.004341438412666321 26
1736510813955 0.004171327222138643 27
1736510814251 0.003994007594883442 28
1736510814554 0.003836468094959855 29
1736510814840 0.003692902158945799 30
1736510815120 0.003552463138476014 31
1736510815451 0.0034252027980983257 32
1736510815738 0.0033070226199924946 33
1736510816015 0.003182275453582406 34
1736510816295 0.003061549970880151 35
1736510816587 0.0029591538477689028 36
1736510816882 0.0028644700068980455 37
1736510817178 0.002788990968838334 38
1736510817465 0.0026742913760244846 39
1736510817747 0.002580047817900777 40
1736510818022 0.0024883116129785776 41
1736510818375 0.0024112870451062918 42
1736510818689 0.0023322550114244223 43
1736510818974 0.0022563559468835592 44
1736510819267 0.002181759336963296 45
1736510819543 0.002144545316696167 46
1736510819837 0.002083216095343232 47
1736510820191 0.0020099906250834465 48
1736510820505 0.0019357800483703613 49
1736510820792 0.0018693607999011874 50
1736510821108 0.0018280973890796304 51
1736510821391 0.001766662928275764 52
1736510821686 0.001719312509521842 53
1736510822013 0.0016646175645291805 54
1736510822332 0.0016223578713834286 55
1736510822649 0.0016140721272677183 56
1736510822962 0.0015843890141695738 57
1736510823254 0.0015064571052789688 58
1736510823556 0.001474776421673596 59
1736510823905 0.0014462012331932783 60
1736510824190 0.0013957712799310684 61
1736510824478 0.0013765032636001706 62
1736510824750 0.001349152997136116 63
1736510825020 0.0013220791006460786 64
