1736510805355 0.4956098794937134 0
1736510805681 0.20288710296154022 1
1736510806020 0.13444726169109344 2
1736510806358 0.08869647979736328 3
1736510806694 0.07440024614334106 4
1736510807033 0.0677851215004921 5
1736510807348 0.062007516622543335 6
1736510807644 0.05833928659558296 7
1736510807934 0.05593261867761612 8
1736510808236 0.053777724504470825 9
1736510808529 0.052369192242622375 10
1736510808841 0.051135361194610596 11
1736510809205 0.05006275326013565 12
1736510809564 0.04904944822192192 13
1736510809897 0.048008810728788376 14
1736510810207 0.04698171094059944 15
1736510810505 0.04597312957048416 16
1736510810793 0.04496005177497864 17
1736510811086 0.04395504668354988 18
1736510811374 0.042949236929416656 19
1736510811657 0.04188011586666107 20
1736510811942 0.041013654321432114 21
1736510812252 0.040149662643671036 22
1736510812569 0.039303962141275406 23
1736510812883 0.038362789899110794 24
1736510813277 0.03760311007499695 25
1736510813636 0.03688032180070877 26
1736510813955 0.03620656207203865 27
1736510814251 0.0354636088013649 28
1736510814554 0.034759920090436935 29
1736510814840 0.034192051738500595 30
1736510815120 0.03363693505525589 31
1736510815451 0.03321021422743797 32
1736510815738 0.03267357870936394 33
1736510816015 0.03222935274243355 34
1736510816295 0.031689271330833435 35
1736510816587 0.03127257898449898 36
1736510816882 0.030978240072727203 37
1736510817178 0.030688239261507988 38
1736510817465 0.03012985549867153 39
1736510817747 0.029656991362571716 40
1736510818022 0.029226215556263924 41
1736510818375 0.028825534507632256 42
1736510818689 0.028431473299860954 43
1736510818974 0.028083015233278275 44
1736510819267 0.02763291820883751 45
1736510819543 0.02751125581562519 46
1736510819837 0.027018563821911812 47
1736510820191 0.02670580893754959 48
1736510820505 0.026283269748091698 49
1736510820792 0.025742918252944946 50
1736510821108 0.02540319599211216 51
1736510821391 0.025039834901690483 52
1736510821686 0.024646691977977753 53
1736510822013 0.024250762537121773 54
1736510822332 0.023980094119906425 55
1736510822649 0.023913653567433357 56
1736510822962 0.023987136781215668 57
1736510823254 0.023138035088777542 58
1736510823556 0.022837594151496887 59
1736510823905 0.022782685235142708 60
1736510824190 0.022142019122838974 61
1736510824478 0.02192199043929577 62
1736510824750 0.02180945686995983 63
1736510825020 0.021945027634501457 64
