1736511146927 0.27977505326271057 0
1736511147254 0.04166359454393387 1
1736511147567 0.01943473517894745 2
1736511147977 0.014434409327805042 3
1736511148408 0.012024846859276295 4
1736511148753 0.010538309812545776 5
1736511149077 0.009394067339599133 6
1736511149411 0.008489827625453472 7
1736511149768 0.00781620666384697 8
1736511150146 0.007166834082454443 9
1736511150483 0.0066504646092653275 10
1736511150822 0.006170009262859821 11
1736511151146 0.005712694488465786 12
1736511151468 0.005338975228369236 13
1736511151812 0.004988102708011866 14
1736511152166 0.004698930308222771 15
1736511152544 0.004396926611661911 16
1736511152889 0.004131144843995571 17
1736511153245 0.0038873013108968735 18
1736511153586 0.0036519751884043217 19
1736511153912 0.0034404832404106855 20
1736511154244 0.0032479832880198956 21
1736511154559 0.003074072068557143 22
1736511154868 0.0028995962347835302 23
1736511155195 0.002741413889452815 24
1736511155541 0.0026015902403742075 25
1736511155872 0.0024596787989139557 26
1736511156197 0.0023370268754661083 27
1736511156547 0.002211147453635931 28
1736511156869 0.0021029545459896326 29
1736511157182 0.0020048769656568766 30
1736511157492 0.001905191340483725 31
1736511157799 0.0018177746096625924 32
1736511158104 0.001740616629831493 33
1736511158418 0.0016755646793171763 34
1736511158738 0.0015847415197640657 35
1736511159068 0.0015113236149773002 36
1736511159406 0.0014503431739285588 37
1736511159758 0.0013838040176779032 38
1736511160110 0.0013470809208229184 39
1736511160482 0.0012774019269272685 40
1736511160868 0.0012297923676669598 41
1736511161202 0.0011836751364171505 42
1736511161515 0.0011600373545661569 43
1736511161819 0.0011864131083711982 44
1736511162128 0.0010816430440172553 45
1736511162454 0.0010288100456818938 46
1736511162816 0.001005452242679894 47
1736511163203 0.0009564175270497799 48
1736511163551 0.000926733308006078 49
1736511163895 0.0009039458818733692 50
1736511164212 0.0008691247785463929 51
1736511164529 0.0008648220682516694 52
1736511164865 0.000829571217764169 53
1736511165183 0.0008001861860975623 54
1736511165500 0.0008004656410776079 55
1736511165817 0.0007646683370694518 56
1736511166149 0.0007326394552364945 57
1736511166473 0.0007101055816747248 58
1736511166792 0.0006918608560226858 59
1736511167104 0.0006785233854316175 60
1736511167412 0.0006744969286955893 61
1736511167751 0.0006590249831788242 62
1736511168093 0.0007215411169454455 63
1736511168424 0.0007118367939256132 64
1736511168753 0.0006434601964429021 65
1736511169073 0.0006156328599900007 66
1736511169444 0.0005958164692856371 67
1736511169802 0.0005906707374379039 68
1736511170129 0.0005806554108858109 69
1736511170464 0.0005570502253249288 70
1736511170846 0.0005528536858037114 71
1736511171185 0.000554076221305877 72
1736511171517 0.0006021264707669616 73
1736511171896 0.0005710551049560308 74
1736511172215 0.0005139537970535457 75
1736511172534 0.0005044495337642729 76
1736511172869 0.000496337772347033 77
1736511173293 0.000499606248922646 78
1736511173635 0.0004808874218724668 79
1736511173962 0.0004665750602725893 80
1736511174273 0.00045150922960601747 81
1736511174586 0.000443102529970929 82
1736511174911 0.0004392901319079101 83
1736511175230 0.0004298856947571039 84
1736511175538 0.000433895766036585 85
1736511175891 0.00042591567034833133 86
1736511176206 0.000412837543990463 87
1736511176531 0.00041317788418382406 88
1736511176876 0.00040776527021080256 89
1736511177203 0.00041055664769373834 90
1736511177518 0.00044162507401779294 91
1736511177829 0.0004640722763724625 92
1736511178142 0.0004343589534983039 93
1736511178463 0.0004334153200034052 94
1736511178812 0.000420936121372506 95
1736511179126 0.0003847307525575161 96
1736511179437 0.00038237866829149425 97
1736511179753 0.0003797831304837018 98
1736511180085 0.0003601485805120319 99
