1736511146927 0.31168508529663086 0
1736511147254 0.1208178699016571 1
1736511147567 0.07441966980695724 2
1736511147977 0.0615849494934082 3
1736511148408 0.05617151036858559 4
1736511148753 0.05335783213376999 5
1736511149077 0.05136929452419281 6
1736511149411 0.049168284982442856 7
1736511149768 0.04783610254526138 8
1736511150146 0.046054743230342865 9
1736511150483 0.04443879798054695 10
1736511150822 0.04313761368393898 11
1736511151146 0.0415620356798172 12
1736511151468 0.04037073254585266 13
1736511151812 0.03917744383215904 14
1736511152166 0.03836895152926445 15
1736511152544 0.037350039929151535 16
1736511152889 0.036559779196977615 17
1736511153245 0.03559078648686409 18
1736511153586 0.03458940610289574 19
1736511153912 0.033728744834661484 20
1736511154244 0.0328877717256546 21
1736511154559 0.032060056924819946 22
1736511154868 0.031154422089457512 23
1736511155195 0.030342459678649902 24
1736511155541 0.02964141219854355 25
1736511155872 0.028873775154352188 26
1736511156197 0.02821212448179722 27
1736511156547 0.02751733548939228 28
1736511156869 0.026935501024127007 29
1736511157182 0.026487743481993675 30
1736511157492 0.025814101099967957 31
1736511157799 0.025123443454504013 32
1736511158104 0.02478898875415325 33
1736511158418 0.024718299508094788 34
1736511158738 0.023615451529622078 35
1736511159068 0.023169707506895065 36
1736511159406 0.022757042199373245 37
1736511159758 0.022242367267608643 38
1736511160110 0.021944986656308174 39
1736511160482 0.021361876279115677 40
1736511160868 0.02112847939133644 41
1736511161202 0.02064368687570095 42
1736511161515 0.020529115572571754 43
1736511161819 0.021622566506266594 44
1736511162128 0.019827168434858322 45
1736511162454 0.019647305831313133 46
1736511162816 0.019605474546551704 47
1736511163203 0.01857554353773594 48
1736511163551 0.018279951065778732 49
1736511163895 0.018005717545747757 50
1736511164212 0.01759650558233261 51
1736511164529 0.017829524353146553 52
1736511164865 0.01740669459104538 53
1736511165183 0.01699264906346798 54
1736511165500 0.01693597622215748 55
1736511165817 0.016906047239899635 56
1736511166149 0.016031539067626 57
1736511166473 0.015555411577224731 58
1736511166792 0.015269501134753227 59
1736511167104 0.015147591941058636 60
1736511167412 0.015135030262172222 61
1736511167751 0.015019437298178673 62
1736511168093 0.01655822992324829 63
1736511168424 0.016076263040304184 64
1736511168753 0.015086744911968708 65
1736511169073 0.014716507866978645 66
1736511169444 0.014167155139148235 67
1736511169802 0.014072624035179615 68
1736511170129 0.014170126058161259 69
1736511170464 0.013797972351312637 70
1736511170846 0.013510090298950672 71
1736511171185 0.013528998009860516 72
1736511171517 0.014301162213087082 73
1736511171896 0.014075926505029202 74
1736511172215 0.012842979282140732 75
1736511172534 0.012725386768579483 76
1736511172869 0.012764590792357922 77
1736511173293 0.013604284264147282 78
1736511173635 0.012575386092066765 79
1736511173962 0.01206799317151308 80
1736511174273 0.011767610907554626 81
1736511174586 0.011598634533584118 82
1736511174911 0.011808673851191998 83
1736511175230 0.01147148571908474 84
1736511175538 0.01197938434779644 85
1736511175891 0.011898773722350597 86
1736511176206 0.011351991444826126 87
1736511176531 0.011612728238105774 88
1736511176876 0.011412992142140865 89
1736511177203 0.01143824402242899 90
1736511177518 0.012263856828212738 91
1736511177829 0.01269330270588398 92
1736511178142 0.01204130332916975 93
1736511178463 0.012315482832491398 94
1736511178812 0.012373915873467922 95
1736511179126 0.011137828230857849 96
1736511179437 0.010914947837591171 97
1736511179753 0.011140654794871807 98
1736511180085 0.010528936982154846 99
