1736425189925 0.19357438385486603 0
1736425190305 0.051296696066856384 1
1736425190710 0.03559050336480141 2
1736425191145 0.028113288804888725 3
1736425191584 0.024097012355923653 4
1736425191988 0.021770309656858444 5
1736425192422 0.019571302458643913 6
1736425192831 0.01847684383392334 7
1736425193243 0.01728110760450363 8
1736425193751 0.01663915067911148 9
1736425194174 0.015692133456468582 10
1736425194627 0.0143899479880929 11
1736425195076 0.014099081046879292 12
1736425195483 0.013014525175094604 13
1736425195927 0.012129210866987705 14
1736425196369 0.012271731160581112 15
1736425196772 0.012000043876469135 16
1736425197220 0.011565055698156357 17
1736425197613 0.011149248108267784 18
1736425198043 0.01061091385781765 19
1736425198495 0.010826682671904564 20
1736425198910 0.010209018364548683 21
1736425199347 0.009709540754556656 22
1736425199834 0.009521888568997383 23
1736425200249 0.009602860547602177 24
1736425200616 0.00918340589851141 25
1736425200986 0.008994519710540771 26
1736425201348 0.008673504926264286 27
1736425201747 0.008805973455309868 28
