1736425189925 0.28377580642700195 0
1736425190305 0.15252234041690826 1
1736425190710 0.12734632194042206 2
1736425191145 0.11303192377090454 3
1736425191584 0.10598383843898773 4
1736425191988 0.10097073018550873 5
1736425192422 0.09527699649333954 6
1736425192831 0.09275321662425995 7
1736425193243 0.08971410989761353 8
1736425193751 0.08828055113554001 9
1736425194174 0.08491592109203339 10
1736425194627 0.08213026076555252 11
1736425195076 0.08081262558698654 12
1736425195483 0.07804420590400696 13
1736425195927 0.07543540000915527 14
1736425196369 0.07571855932474136 15
1736425196772 0.0744580402970314 16
1736425197220 0.0729127749800682 17
1736425197613 0.07210411876440048 18
1736425198043 0.0703842043876648 19
1736425198495 0.07066573947668076 20
1736425198910 0.06895970553159714 21
1736425199347 0.067289337515831 22
1736425199834 0.06600475311279297 23
1736425200249 0.06597857177257538 24
1736425200616 0.0650198683142662 25
1736425200986 0.06376363337039948 26
1736425201348 0.06326426565647125 27
1736425201747 0.06362450122833252 28
