1736509657280 0.7384505867958069 0
1736509657657 0.1161205917596817 1
1736509658001 0.04363225772976875 2
1736509658346 0.026449056342244148 3
1736509658850 0.019672604277729988 4
1736509659222 0.016126535832881927 5
1736509659567 0.014021804556250572 6
1736509659922 0.0125490203499794 7
1736509660345 0.011522490531206131 8
1736509660893 0.010697874240577221 9
1736509661268 0.009972908534109592 10
1736509661604 0.009383161552250385 11
1736509661945 0.008805650286376476 12
1736509662274 0.008337990380823612 13
1736509662616 0.007902847602963448 14
1736509662955 0.007496252190321684 15
1736509663310 0.007168350275605917 16
1736509663671 0.006811065599322319 17
1736509664071 0.006482952740043402 18
1736509664417 0.006183927413076162 19
1736509664745 0.0058988239616155624 20
1736509665054 0.005646566394716501 21
1736509665363 0.00540978042408824 22
1736509665659 0.005188740324229002 23
1736509665953 0.004983598832041025 24
1736509666250 0.004781507421284914 25
1736509666575 0.004597976338118315 26
1736509666886 0.004428292158991098 27
1736509667209 0.004260512068867683 28
1736509667532 0.0041076731868088245 29
1736509667841 0.003968134056776762 30
1736509668146 0.0038663705345243216 31
1736509668450 0.003699418855831027 32
1736509668761 0.003567928448319435 33
1736509669067 0.003455003257840872 34
1736509669404 0.0033450890332460403 35
1736509669712 0.00323646143078804 36
1736509670021 0.003130792174488306 37
1736509670320 0.0030403900891542435 38
1736509670619 0.002938120858743787 39
1736509670941 0.0028513208962976933 40
1736509671280 0.0027682024519890547 41
1736509671655 0.002692340174689889 42
1736509672064 0.002601631684228778 43
1736509672387 0.002527272794395685 44
1736509672730 0.002458504866808653 45
1736509673038 0.0023856828920543194 46
1736509673342 0.0023173729423433542 47
1736509673649 0.0022512217983603477 48
1736509673971 0.0021861984860152006 49
1736509674329 0.00213055033236742 50
1736509674729 0.002074249554425478 51
1736509675049 0.0020153571385890245 52
1736509675354 0.0019541271030902863 53
1736509675650 0.0018998690648004413 54
1736509675945 0.001854054513387382 55
1736509676255 0.0018082974711433053 56
1736509676596 0.0017548500327393413 57
1736509676980 0.00172109913546592 58
1736509677368 0.001661369577050209 59
1736509677709 0.0016215660143643618 60
1736509678070 0.001579412491992116 61
1736509678487 0.0015383240533992648 62
1736509678795 0.0014952485216781497 63
1736509679118 0.0014586049364879727 64
1736509679514 0.0014493059134110808 65
1736509679850 0.0014040785608813167 66
1736509680251 0.0013558996142819524 67
1736509680595 0.0013317855773493648 68
1736509680944 0.001292092609219253 69
1736509681259 0.001273292931728065 70
1736509681606 0.001236656098626554 71
1736509681953 0.001215708558447659 72
1736509682276 0.001183389569632709 73
1736509682596 0.001152877463027835 74
1736509682912 0.001134623889811337 75
1736509683220 0.0011127395555377007 76
1736509683540 0.0010806552600115538 77
1736509683853 0.0010536715853959322 78
1736509684183 0.0010290929349139333 79
1736509684534 0.001009187544696033 80
1736509684952 0.0009879425633698702 81
1736509685327 0.0009801239939406514 82
1736509685658 0.000953022507019341 83
1736509685965 0.0009331440669484437 84
1736509686290 0.0009238812490366399 85
1736509686736 0.0008991425856947899 86
1736509687196 0.0008733602007851005 87
1736509687655 0.0008562823641113937 88
1736509688073 0.0008418656070716679 89
1736509688402 0.0008255850989371538 90
1736509688741 0.0008170384680852294 91
1736509689077 0.0007986458367668092 92
1736509689418 0.0007858145399950445 93
1736509689730 0.0007748035131953657 94
1736509690023 0.0007583631668239832 95
1736509690334 0.0007492037257179618 96
1736509690652 0.0007417886517941952 97
1736509690953 0.0007218538084998727 98
1736509691244 0.0007263884181156754 99
