1736509657280 0.5407592058181763 0
1736509657657 0.21526892483234406 1
1736509658001 0.1288796216249466 2
1736509658346 0.09311765432357788 3
1736509658850 0.07798337191343307 4
1736509659222 0.06905453652143478 5
1736509659567 0.06409599632024765 6
1736509659922 0.061003006994724274 7
1736509660345 0.05886908248066902 8
1736509660893 0.05706523731350899 9
1736509661268 0.055305544286966324 10
1736509661604 0.05369918420910835 11
1736509661945 0.05194452032446861 12
1736509662274 0.0506473146378994 13
1736509662616 0.04923778399825096 14
1736509662955 0.047997359186410904 15
1736509663310 0.04710926488041878 16
1736509663671 0.045773424208164215 17
1736509664071 0.04463169351220131 18
1736509664417 0.04351901262998581 19
1736509664745 0.042602743953466415 20
1736509665054 0.04171789437532425 21
1736509665363 0.04081042483448982 22
1736509665659 0.03995870426297188 23
1736509665953 0.03920966386795044 24
1736509666250 0.03854924812912941 25
1736509666575 0.03782578930258751 26
1736509666886 0.037341948598623276 27
1736509667209 0.036715198308229446 28
1736509667532 0.03611418977379799 29
1736509667841 0.03566010668873787 30
1736509668146 0.035497333854436874 31
1736509668450 0.03465726226568222 32
1736509668761 0.03417905420064926 33
1736509669067 0.03377215564250946 34
1736509669404 0.033396750688552856 35
1736509669712 0.03293823450803757 36
1736509670021 0.032554950565099716 37
1736509670320 0.03215862438082695 38
1736509670619 0.031663890928030014 39
1736509670941 0.03127455338835716 40
1736509671280 0.030973216518759727 41
1736509671655 0.03050869330763817 42
1736509672064 0.03006690740585327 43
1736509672387 0.029685070738196373 44
1736509672730 0.029366156086325645 45
1736509673038 0.028931306675076485 46
1736509673342 0.028600675985217094 47
1736509673649 0.028181936591863632 48
1736509673971 0.027827247977256775 49
1736509674329 0.02748066559433937 50
1736509674729 0.027125803753733635 51
1736509675049 0.026801105588674545 52
1736509675354 0.026414498686790466 53
1736509675650 0.026095358654856682 54
1736509675945 0.025793176144361496 55
1736509676255 0.025498531758785248 56
1736509676596 0.02513234317302704 57
1736509676980 0.024974720552563667 58
1736509677368 0.024492191150784492 59
1736509677709 0.024271206930279732 60
1736509678070 0.02391354739665985 61
1736509678487 0.0237247534096241 62
1736509678795 0.023323457688093185 63
1736509679118 0.023043876513838768 64
1736509679514 0.023135080933570862 65
1736509679850 0.022877279669046402 66
1736509680251 0.022305117920041084 67
1736509680595 0.022092141211032867 68
1736509680944 0.021723425015807152 69
1736509681259 0.021703295409679413 70
1736509681606 0.021444648504257202 71
1736509681953 0.021103817969560623 72
1736509682276 0.02083827555179596 73
1736509682596 0.020639726892113686 74
1736509682912 0.02048412337899208 75
1736509683220 0.020345719531178474 76
1736509683540 0.019931001588702202 77
1736509683853 0.019830062985420227 78
1736509684183 0.019433774054050446 79
1736509684534 0.01924268715083599 80
1736509684952 0.019053848460316658 81
1736509685327 0.01898958534002304 82
1736509685658 0.018710287287831306 83
1736509685965 0.018548626452684402 84
1736509686290 0.01885504275560379 85
1736509686736 0.018319441005587578 86
1736509687196 0.01781614124774933 87
1736509687655 0.01760702207684517 88
1736509688073 0.01753411628305912 89
1736509688402 0.017323365435004234 90
1736509688741 0.017297685146331787 91
1736509689077 0.017069382593035698 92
1736509689418 0.01689600944519043 93
1736509689730 0.016734089702367783 94
1736509690023 0.016544930636882782 95
1736509690334 0.016468044370412827 96
1736509690652 0.01642516441643238 97
1736509690953 0.016129419207572937 98
1736509691244 0.016255326569080353 99
