1736510507410 0.35375547409057617 0
1736510507743 0.05798827111721039 1
1736510508041 0.025414416566491127 2
1736510508350 0.018669500946998596 3
1736510508652 0.015389470383524895 4
1736510508938 0.013083468191325665 5
1736510509207 0.011503709480166435 6
1736510509478 0.01027385052293539 7
1736510509747 0.009276066906750202 8
1736510510013 0.00845839362591505 9
1736510510276 0.007755619008094072 10
1736510510541 0.007184566929936409 11
1736510510838 0.006681099068373442 12
1736510511124 0.006231975741684437 13
1736510511410 0.005829337053000927 14
1736510511761 0.005455398000776768 15
1736510512060 0.0051405602134764194 16
1736510512343 0.004818000365048647 17
1736510512618 0.004526467528194189 18
1736510512890 0.004259270615875721 19
1736510513165 0.004016269464045763 20
1736510513475 0.003782275365665555 21
1736510513774 0.0035722365137189627 22
1736510514067 0.0033798206131905317 23
1736510514375 0.0031799538992345333 24
1736510514746 0.002994896611198783 25
1736510515093 0.002814342500641942 26
1736510515403 0.002654197858646512 27
1736510515694 0.0025075364392250776 28
1736510515960 0.0023749663960188627 29
1736510516232 0.0022473952267318964 30
1736510516498 0.0021310977172106504 31
1736510516766 0.00203353981487453 32
1736510517045 0.0019276340026408434 33
1736510517310 0.0018273817840963602 34
1736510517574 0.0017460003728047013 35
1736510517843 0.001664132927544415 36
1736510518110 0.0015888125635683537 37
1736510518373 0.0015153419226408005 38
1736510518655 0.0014584040036424994 39
1736510518948 0.0014061001129448414 40
1736510519249 0.0013361771125346422 41
1736510519586 0.0012846171157434583 42
1736510519891 0.001234742347151041 43
1736510520167 0.0011955457739531994 44
1736510520438 0.0011716089211404324 45
1736510520724 0.0011076077353209257 46
1736510520999 0.0010712563525885344 47
1736510521387 0.0010372359538450837 48
1736510521715 0.0010019285837188363 49
1736510522003 0.0009810369228944182 50
1736510522349 0.0009438050910830498 51
1736510522704 0.0009191303979605436 52
1736510523070 0.0008920615655370057 53
1736510523367 0.0008668273221701384 54
1736510523719 0.0008438658551312983 55
1736510524009 0.0008240040624514222 56
1736510524364 0.0008042979170568287 57
1736510524634 0.0007830238319002092 58
1736510524893 0.0007665966404601932 59
1736510525160 0.0007493812590837479 60
1736510525417 0.0007325910846702754 61
1736510525688 0.0007182364352047443 62
1736510525978 0.0006920593441464007 63
1736510526281 0.0006810062332078815 64
1736510526577 0.0006700165686197579 65
1736510526866 0.0006624208763241768 66
1736510527150 0.0006451085209846497 67
1736510527464 0.0006323833367787302 68
1736510527778 0.0006198538467288017 69
1736510528186 0.0006298663793131709 70
1736510528523 0.0005993085796944797 71
1736510528829 0.0005783860106021166 72
1736510529115 0.0005737726460210979 73
1736510529427 0.0005609660292975605 74
1736510529766 0.0005600653821602464 75
1736510530064 0.0005388478166423738 76
1736510530368 0.0005396726774051785 77
1736510530707 0.000537266896571964 78
1736510531054 0.0005302538047544658 79
1736510531368 0.0005103215225972235 80
1736510531669 0.0004978220094926655 81
1736510531979 0.0004874167498201132 82
1736510532269 0.00048724550288170576 83
1736510532558 0.0004725694307126105 84
1736510532881 0.0004674273368436843 85
1736510533176 0.00045790677540935576 86
1736510533459 0.0004546598647721112 87
1736510533740 0.0004465416423045099 88
1736510534004 0.0004463231598492712 89
1736510534277 0.0004344710905570537 90
1736510534587 0.00045106979086995125 91
1736510534862 0.0005292340647429228 92
1736510535131 0.0004430008411873132 93
1736510535393 0.00043567840475589037 94
1736510535651 0.0004188563325442374 95
1736510535915 0.00039659137837588787 96
1736510536177 0.00039415888022631407 97
1736510536455 0.0003904065233655274 98
1736510536737 0.0003834455565083772 99
