1736510507410 0.35918524861335754 0
1736510507743 0.15758466720581055 1
1736510508041 0.09469090402126312 2
1736510508350 0.07283100485801697 3
1736510508652 0.06273144483566284 4
1736510508938 0.05637771636247635 5
1736510509207 0.05287966877222061 6
1736510509478 0.05055687576532364 7
1736510509747 0.04886710271239281 8
1736510510013 0.04715055599808693 9
1736510510276 0.045718107372522354 10
1736510510541 0.0444149449467659 11
1736510510838 0.04294346645474434 12
1736510511124 0.04175760596990585 13
1736510511410 0.04046554118394852 14
1736510511761 0.03927477076649666 15
1736510512060 0.03839186578989029 16
1736510512343 0.03720863536000252 17
1736510512618 0.03611248731613159 18
1736510512890 0.03507665917277336 19
1736510513165 0.03409627079963684 20
1736510513475 0.03317365050315857 21
1736510513774 0.03232413902878761 22
1736510514067 0.03151874989271164 23
1736510514375 0.030543720349669456 24
1736510514746 0.029730254784226418 25
1736510515093 0.028896816074848175 26
1736510515403 0.028100335970520973 27
1736510515694 0.02737940289080143 28
1736510515960 0.02675042301416397 29
1736510516232 0.026150433346629143 30
1736510516498 0.02548234537243843 31
1736510516766 0.024957293644547462 32
1736510517045 0.024442916736006737 33
1736510517310 0.02385900728404522 34
1736510517574 0.023530300706624985 35
1736510517843 0.023085853084921837 36
1736510518110 0.02256421372294426 37
1736510518373 0.022087901830673218 38
1736510518655 0.021824141964316368 39
1736510518948 0.021831419318914413 40
1736510519249 0.02098770998418331 41
1736510519586 0.020755067467689514 42
1736510519891 0.02049466408789158 43
1736510520167 0.02017204836010933 44
1736510520438 0.020178398117423058 45
1736510520724 0.019481979310512543 46
1736510520999 0.019158100709319115 47
1736510521387 0.018951697275042534 48
1736510521715 0.01868816837668419 49
1736510522003 0.018544044345617294 50
1736510522349 0.018284371122717857 51
1736510522704 0.01814444549381733 52
1736510523070 0.017794445157051086 53
1736510523367 0.017546596005558968 54
1736510523719 0.01736815832555294 55
1736510524009 0.01717415824532509 56
1736510524364 0.016955185681581497 57
1736510524634 0.016771314665675163 58
1736510524893 0.016862692311406136 59
1736510525160 0.016573401167988777 60
1736510525417 0.01640799269080162 61
1736510525688 0.016148177906870842 62
1736510525978 0.015772299841046333 63
1736510526281 0.01576639525592327 64
1736510526577 0.015701567754149437 65
1736510526866 0.015624345280230045 66
1736510527150 0.015318931080400944 67
1736510527464 0.015199975110590458 68
1736510527778 0.015063025057315826 69
1736510528186 0.015266030095517635 70
1736510528523 0.01507251150906086 71
1736510528829 0.01454685814678669 72
1736510529115 0.014627487398684025 73
1736510529427 0.01431019976735115 74
1736510529766 0.014558249153196812 75
1736510530064 0.013928242959082127 76
1736510530368 0.014014256186783314 77
1736510530707 0.014230490662157536 78
1736510531054 0.014101168140769005 79
1736510531368 0.013930300250649452 80
1736510531669 0.013423924334347248 81
1736510531979 0.013306964188814163 82
1736510532269 0.013243641704320908 83
1736510532558 0.01304672658443451 84
1736510532881 0.012925325892865658 85
1736510533176 0.012813366949558258 86
1736510533459 0.012828812003135681 87
1736510533740 0.012658248655498028 88
1736510534004 0.012998489663004875 89
1736510534277 0.012567282654345036 90
1736510534587 0.012941095978021622 91
1736510534862 0.015467728488147259 92
1736510535131 0.01322154887020588 93
1736510535393 0.012752559036016464 94
1736510535651 0.012556563131511211 95
1736510535915 0.01189359650015831 96
1736510536177 0.011833532713353634 97
1736510536455 0.011785343289375305 98
1736510536737 0.011678106151521206 99
