1736396093895 0.13646818697452545 0
1736396094353 0.03421635553240776 1
1736396094806 0.024465899914503098 2
1736396095279 0.019668029621243477 3
1736396095808 0.01656946912407875 4
1736396096258 0.014553842134773731 5
1736396096726 0.012950586155056953 6
1736396097221 0.011739298701286316 7
1736396097708 0.010938518680632114 8
1736396098185 0.009773093275725842 9
1736396098656 0.009460598230361938 10
1736396099159 0.00905552227050066 11
1736396099641 0.008699724450707436 12
1736396100094 0.007979356683790684 13
1736396100715 0.007741839159280062 14
1736396101312 0.0075156851671636105 15
1736396101887 0.006989478133618832 16
1736396102551 0.006666329689323902 17
1736396103155 0.00650521507486701 18
1736396103769 0.006363007239997387 19
1736396104424 0.006349984556436539 20
1736396104990 0.005776950158178806 21
1736396105543 0.005709101911634207 22
1736396106234 0.005801075138151646 23
1736396106867 0.005700543988496065 24
1736396107545 0.005195483565330505 25
1736396108093 0.005167203489691019 26
1736396108654 0.005129505880177021 27
1736396109299 0.005166277755051851 28
1736396109870 0.004833717364817858 29
1736396110421 0.004875000566244125 30
