1736396093895 0.2411775141954422 0
1736396094353 0.12558646500110626 1
1736396094806 0.10708688944578171 2
1736396095279 0.09534233808517456 3
1736396095808 0.08797799795866013 4
1736396096258 0.08259987086057663 5
1736396096726 0.07868243008852005 6
1736396097221 0.07474380731582642 7
1736396097708 0.07142219692468643 8
1736396098185 0.06858962774276733 9
1736396098656 0.06759021431207657 10
1736396099159 0.06573955714702606 11
1736396099641 0.0649978369474411 12
1736396100094 0.062233228236436844 13
1736396100715 0.061316199600696564 14
1736396101312 0.06059795618057251 15
1736396101887 0.058169469237327576 16
1736396102551 0.05689658969640732 17
1736396103155 0.055802032351493835 18
1736396103769 0.055620379745960236 19
1736396104424 0.05548994243144989 20
1736396104990 0.052890922874212265 21
1736396105543 0.052643343806266785 22
1736396106234 0.052806783467531204 23
1736396106867 0.0528605580329895 24
1736396107545 0.04990757256746292 25
1736396108093 0.05075348541140556 26
1736396108654 0.04947730526328087 27
1736396109299 0.04986635223031044 28
1736396109870 0.0482887402176857 29
1736396110421 0.04867800325155258 30
