1736425214381 0.14970800280570984 0
1736425214945 0.04013904184103012 1
1736425215619 0.029382716864347458 2
1736425216243 0.02385777421295643 3
1736425216812 0.02085544914007187 4
1736425217488 0.018227247521281242 5
1736425218043 0.016188306733965874 6
1736425218631 0.01421383023262024 7
1736425219353 0.013195909559726715 8
1736425219957 0.012095523066818714 9
1736425220524 0.011418281123042107 10
1736425221158 0.01059942226856947 11
1736425221753 0.010133432224392891 12
1736425222322 0.009157366119325161 13
1736425222961 0.008741715922951698 14
1736425223546 0.008525766432285309 15
1736425224117 0.008165022358298302 16
1736425224659 0.008101660758256912 17
1736425225180 0.007527254521846771 18
