1736425214381 0.2579709589481354 0
1736425214945 0.1395404189825058 1
1736425215619 0.11796402186155319 2
1736425216243 0.10709573328495026 3
1736425216812 0.1001126691699028 4
1736425217488 0.09326008707284927 5
1736425218043 0.08733175694942474 6
1736425218631 0.0825950875878334 7
1736425219353 0.07870330661535263 8
1736425219957 0.07695675641298294 9
1736425220524 0.07369095832109451 10
1736425221158 0.07127314060926437 11
1736425221753 0.0694749653339386 12
1736425222322 0.0672442689538002 13
1736425222961 0.06525982171297073 14
1736425223546 0.06414036452770233 15
1736425224117 0.06341441720724106 16
1736425224659 0.06229192763566971 17
1736425225180 0.0604415200650692 18
