1736471039326 0.259594202041626 0
1736471039895 0.03416844457387924 1
1736471040541 0.01847417652606964 2
1736471041069 0.014039292000234127 3
1736471041625 0.011610100977122784 4
1736471042253 0.010047415271401405 5
1736471042827 0.008820068091154099 6
1736471043363 0.00788169540464878 7
1736471043880 0.007120301015675068 8
1736471044373 0.006470857188105583 9
1736471044886 0.005852280184626579 10
1736471045418 0.005353284999728203 11
1736471046028 0.0048891399055719376 12
1736471046560 0.004484678618609905 13
1736471047133 0.0040966058149933815 14
1736471047672 0.003772358177229762 15
1736471048241 0.003502220381051302 16
1736471048777 0.003262515179812908 17
1736471049414 0.0030444501899182796 18
1736471049998 0.002813731087371707 19
1736471050653 0.002634747652336955 20
1736471051292 0.002495931927114725 21
1736471051849 0.002373335650190711 22
1736471052388 0.0022270840127021074 23
1736471052957 0.002057921141386032 24
1736471053511 0.00193173554725945 25
1736471054044 0.0018411651253700256 26
1736471054571 0.001735974452458322 27
1736471055208 0.0016573757166042924 28
1736471055812 0.001576567068696022 29
1736471056366 0.001504511688835919 30
1736471056913 0.0014519765973091125 31
1736471057541 0.0014208954526111484 32
1736471058099 0.0013951649889349937 33
1736471058719 0.001317271962761879 34
1736471059259 0.0012277632486075163 35
1736471059786 0.001186451641842723 36
1736471060367 0.0011121126590296626 37
1736471060895 0.001148965093307197 38
1736471061415 0.001069305115379393 39
1736471061929 0.0010221900884062052 40
1736471062446 0.0010064765810966492 41
1736471062956 0.000980530516244471 42
1736471063508 0.0009541751933284104 43
1736471064012 0.0008861750829964876 44
1736471064511 0.0008911840850487351 45
1736471065085 0.0008857446373440325 46
1736471065656 0.0008859734516590834 47
1736471066151 0.0008140209247358143 48
1736471066705 0.0007853189599700272 49
