1736471039326 0.3266569674015045 0
1736471039895 0.11633460223674774 1
1736471040541 0.0785466805100441 2
1736471041069 0.06551390886306763 3
1736471041625 0.059346649795770645 4
1736471042253 0.05504165217280388 5
1736471042827 0.051392439752817154 6
1736471043363 0.04883726313710213 7
1736471043880 0.04722514748573303 8
1736471044373 0.04575111344456673 9
1736471044886 0.04403073713183403 10
1736471045418 0.04248795285820961 11
1736471046028 0.04078834131360054 12
1736471046560 0.039257969707250595 13
1736471047133 0.037625208497047424 14
1736471047672 0.03607368469238281 15
1736471048241 0.03480856120586395 16
1736471048777 0.03366290032863617 17
1736471049414 0.03250085562467575 18
1736471049998 0.03141963109374046 19
1736471050653 0.03044559247791767 20
1736471051292 0.02980809472501278 21
1736471051849 0.029212120920419693 22
1736471052388 0.02839006297290325 23
1736471052957 0.02725081518292427 24
1736471053511 0.02643069066107273 25
1736471054044 0.025943012908101082 26
1736471054571 0.02526601403951645 27
1736471055208 0.024696962907910347 28
1736471055812 0.02419252321124077 29
1736471056366 0.023843593895435333 30
1736471056913 0.02331063710153103 31
1736471057541 0.02311631105840206 32
1736471058099 0.023051461204886436 33
1736471058719 0.022169288247823715 34
1736471059259 0.021425975486636162 35
1736471059786 0.021083908155560493 36
1736471060367 0.020311569795012474 37
1736471060895 0.02067076601088047 38
1736471061415 0.02005952037870884 39
1736471061929 0.019347429275512695 40
1736471062446 0.019026050344109535 41
1736471062956 0.01879194937646389 42
1736471063508 0.018966777250170708 43
1736471064012 0.017671698704361916 44
1736471064511 0.017731783911585808 45
1736471065085 0.01778489537537098 46
1736471065656 0.01765471138060093 47
1736471066151 0.016724443063139915 48
1736471066705 0.016385460272431374 49
