1736471348563 0.08804372698068619 0
1736471348909 0.022584913298487663 1
1736471349295 0.013355884701013565 2
1736471349682 0.010216313414275646 3
1736471350105 0.008454058319330215 4
1736471350496 0.007400813978165388 5
1736471350829 0.0065971119329333305 6
1736471351161 0.005925009958446026 7
1736471351486 0.005348506383597851 8
1736471351813 0.0048455302603542805 9
1736471352169 0.0044042980298399925 10
1736471352546 0.004040995147079229 11
1736471352894 0.003694469342008233 12
1736471353252 0.00339678768068552 13
1736471353623 0.0031198409851640463 14
1736471354042 0.0029243887402117252 15
1736471354428 0.0026826877146959305 16
1736471354827 0.0024756258353590965 17
1736471355197 0.002282624365761876 18
1736471355539 0.002132549649104476 19
1736471356000 0.001986222807317972 20
1736471356394 0.0018476108089089394 21
1736471356779 0.0017226006602868438 22
1736471357197 0.0016165883280336857 23
1736471357612 0.0015113857807591558 24
1736471358008 0.0014312155544757843 25
1736471358446 0.0013711494393646717 26
1736471358830 0.0012926841154694557 27
1736471359210 0.0012352900812402368 28
1736471359592 0.001180018880404532 29
1736471360011 0.001103561487980187 30
1736471360404 0.0010482907528057694 31
1736471360790 0.0009840878192335367 32
1736471361249 0.0009675546898506582 33
1736471361643 0.0009211566066369414 34
1736471362044 0.0008765502134338021 35
1736471362461 0.0008834817563183606 36
1736471362852 0.0008334512822329998 37
1736471363231 0.000789773475844413 38
1736471363655 0.0007800544262863696 39
1736471364048 0.0007569456938654184 40
1736471364453 0.0007457912433892488 41
1736471364794 0.0007256173994392157 42
1736471365136 0.0007087733829393983 43
1736471365561 0.0006700714584439993 44
1736471365957 0.0007134790066629648 45
1736471366356 0.0007248098263517022 46
1736471366768 0.0007396527216769755 47
1736471367204 0.000635635806247592 48
1736471367576 0.0005925091682001948 49
1736471367929 0.0005659116432070732 50
1736471368297 0.0005634570843540132 51
1736471368691 0.0005353391170501709 52
1736471369100 0.0005359240458346903 53
1736471369425 0.0005170138319954276 54
1736471369817 0.0005012131878174841 55
1736471370143 0.0004994324408471584 56
1736471370574 0.00048558725393377244 57
1736471370957 0.000468908780021593 58
1736471371350 0.0005198036087676883 59
1736471371687 0.0005290497210808098 60
1736471372108 0.0004692008951678872 61
1736471372447 0.0004600254469551146 62
1736471372838 0.0004373776027932763 63
1736471373226 0.00045448908349499106 64
1736471373669 0.00041829279507510364 65
1736471374062 0.0004066098772455007 66
1736471374455 0.0004104135150555521 67
1736471374852 0.0003941655741073191 68
1736471375297 0.0004133990150876343 69
1736471375683 0.0003970560210291296 70
1736471376066 0.0006017632549628615 71
1736471376472 0.0016130225267261267 72
1736471376900 0.0007110050064511597 73
1736471377301 0.00044969236478209496 74
1736471377693 0.00040296229417435825 75
1736471378082 0.00039282601210288703 76
1736471378514 0.00037438730942085385 77
1736471378908 0.00036533790989778936 78
1736471379253 0.00036442038253881037 79
1736471379636 0.0003393167571630329 80
1736471379983 0.0003343935532029718 81
1736471380350 0.00035166769521310925 82
1736471380712 0.000318780483212322 83
1736471381039 0.0003089550300501287 84
1736471381390 0.00032973653287626803 85
1736471381730 0.0003284938575234264 86
1736471382077 0.00036070309579372406 87
1736471382427 0.00032319489400833845 88
1736471382775 0.0003148965770378709 89
1736471383115 0.0003003400925081223 90
1736471383469 0.0002908280002884567 91
1736471383880 0.00028049558750353754 92
1736471384227 0.00027286465046927333 93
1736471384574 0.00027888131444342434 94
1736471384914 0.00032477977219969034 95
1736471385275 0.0003266642743255943 96
1736471385617 0.0002962113358080387 97
1736471385952 0.00031148994457907975 98
1736471386332 0.0003283084952272475 99
