1736471348563 0.19433701038360596 0
1736471348909 0.09113280475139618 1
1736471349295 0.06297712028026581 2
1736471349682 0.054733358323574066 3
1736471350105 0.05022788420319557 4
1736471350496 0.04764465242624283 5
1736471350829 0.04517656937241554 6
1736471351161 0.042865872383117676 7
1736471351486 0.04075225442647934 8
1736471351813 0.03873416781425476 9
1736471352169 0.037198614329099655 10
1736471352546 0.03602150082588196 11
1736471352894 0.03484959900379181 12
1736471353252 0.03369645029306412 13
1736471353623 0.032480183988809586 14
1736471354042 0.03192156180739403 15
1736471354428 0.030707620084285736 16
1736471354827 0.029633792117238045 17
1736471355197 0.028288116678595543 18
1736471355539 0.027418864890933037 19
1736471356000 0.02672751434147358 20
1736471356394 0.025669602677226067 21
1736471356779 0.02490648441016674 22
1736471357197 0.02426081709563732 23
1736471357612 0.02332027442753315 24
1736471358008 0.022782722488045692 25
1736471358446 0.022255584597587585 26
1736471358830 0.021839601919054985 27
1736471359210 0.021240755915641785 28
1736471359592 0.021005025133490562 29
1736471360011 0.02031795121729374 30
1736471360404 0.019407154992222786 31
1736471360790 0.01877342350780964 32
1736471361249 0.01875387504696846 33
1736471361643 0.018345016986131668 34
1736471362044 0.017995813861489296 35
1736471362461 0.018236638978123665 36
1736471362852 0.01746377721428871 37
1736471363231 0.016888553276658058 38
1736471363655 0.016771525144577026 39
1736471364048 0.016486188396811485 40
1736471364453 0.016404887661337852 41
1736471364794 0.016138402745127678 42
1736471365136 0.016028912737965584 43
1736471365561 0.015400330536067486 44
1736471365957 0.01673000119626522 45
1736471366356 0.016366196796298027 46
1736471366768 0.01702205277979374 47
1736471367204 0.01520571205765009 48
1736471367576 0.014425558038055897 49
1736471367929 0.013899669982492924 50
1736471368297 0.013883162289857864 51
1736471368691 0.013393575325608253 52
1736471369100 0.013535992242395878 53
1736471369425 0.013055543415248394 54
1736471369817 0.012825224548578262 55
1736471370143 0.012836366891860962 56
1736471370574 0.0125347301363945 57
1736471370957 0.01225914154201746 58
1736471371350 0.013378395698964596 59
1736471371687 0.013907598331570625 60
1736471372108 0.012522917240858078 61
1736471372447 0.012352142482995987 62
1736471372838 0.011850917711853981 63
1736471373226 0.012070897966623306 64
1736471373669 0.011365562677383423 65
1736471374062 0.01121148094534874 66
1736471374455 0.01138539519160986 67
1736471374852 0.011079696007072926 68
1736471375297 0.01161368191242218 69
1736471375683 0.01115735899657011 70
1736471376066 0.014314580708742142 71
1736471376472 0.02338925562798977 72
1736471376900 0.01834205538034439 73
1736471377301 0.012968821451067924 74
1736471377693 0.011417110450565815 75
1736471378082 0.011881793849170208 76
1736471378514 0.011027424596250057 77
1736471378908 0.01065567135810852 78
1736471379253 0.01097125094383955 79
1736471379636 0.010246886871755123 80
1736471379983 0.009849010966718197 81
1736471380350 0.010509797371923923 82
1736471380712 0.009739863686263561 83
1736471381039 0.009345809929072857 84
1736471381390 0.010182928293943405 85
1736471381730 0.010509531944990158 86
1736471382077 0.011480267159640789 87
1736471382427 0.01062300056219101 88
1736471382775 0.00996780302375555 89
1736471383115 0.009520967490971088 90
1736471383469 0.009229482151567936 91
1736471383880 0.009105048142373562 92
1736471384227 0.00883818231523037 93
1736471384574 0.009120207279920578 94
1736471384914 0.010733547620475292 95
1736471385275 0.011051428504288197 96
1736471385617 0.010342146269977093 97
1736471385952 0.010583650320768356 98
1736471386332 0.011438418179750443 99
