1736426541341 0.19714538753032684 0
1736426542397 0.02634515054523945 1
1736426543433 0.01286260038614273 2
1736426544264 0.009256229735910892 3
1736426545192 0.007637490518391132 4
1736426546262 0.00648706266656518 5
1736426547103 0.005528843495994806 6
1736426548164 0.004829734563827515 7
1736426549052 0.004228299017995596 8
1736426550062 0.0037436995189636946 9
1736426551393 0.0033469500485807657 10
1736426552401 0.00302046793513 11
1736426553467 0.0027645686641335487 12
1736426554341 0.0026182294823229313 13
1736426555237 0.0024011856876313686 14
1736426556133 0.002202016534283757 15
1736426557008 0.002062430139631033 16
1736426557968 0.0019459198229014874 17
1736426558854 0.0018336954526603222 18
1736426559749 0.001867330283857882 19
1736426560543 0.0017198184505105019 20
1736426561362 0.0016553915338590741 21
1736426562232 0.0015478995628654957 22
1736426563048 0.0014536007074639201 23
1736426563886 0.0015446407487615943 24
1736426564757 0.0014110871125012636 25
1736426565620 0.00139131979085505 26
1736426566394 0.0012872744118794799 27
1736426567241 0.0012631794670596719 28
1736426568056 0.001294000307098031 29
1736426568869 0.0012769886525347829 30
1736426569656 0.0011801510117948055 31
1736426570431 0.0014440902741625905 32
1736426571244 0.0012068591313436627 33
1736426572002 0.0010229760082438588 34
1736426572847 0.0009691898012533784 35
1736426573639 0.0009149810648523271 36
1736426574400 0.0008809936698526144 37
1736426575160 0.0008965974557213485 38
1736426575920 0.0008723214268684387 39
1736426576739 0.0008209024090319872 40
1736426577507 0.0007892721332609653 41
1736426578301 0.0007720685680396855 42
1736426579098 0.0007494596065953374 43
1736426579852 0.0008041023975238204 44
1736426580653 0.0008859108784236014 45
1736426581426 0.0020633793901652098 46
1736426582185 0.0024417240638285875 47
1736426582960 0.001427604234777391 48
1736426583725 0.0008536176756024361 49
1736426584518 0.0007239695405587554 50
1736426585288 0.0007062681252136827 51
1736426586056 0.0006706584827043116 52
1736426586826 0.0006214338354766369 53
1736426587654 0.0005955236847512424 54
1736426588454 0.0006049800431355834 55
1736426589223 0.0007808861555531621 56
1736426589989 0.0007090059225447476 57
1736426590756 0.0006175536545924842 58
1736426591542 0.0006383400759659708 59
1736426592307 0.0005763774388469756 60
1736426593074 0.0005089555052109063 61
1736426593839 0.0005078747635707259 62
1736426594600 0.0004845226649194956 63
1736426595412 0.0004618270031642169 64
1736426596165 0.000467795500298962 65
1736426597007 0.0004531462909653783 66
1736426597830 0.0004344843327999115 67
1736426598652 0.0004302173911128193 68
1736426599413 0.0005682474002242088 69
1736426600184 0.0006294578197412193 70
1736426600973 0.0008203423931263387 71
1736426601781 0.0007173138437792659 72
1736426602610 0.0010222492273896933 73
1736426603431 0.0007932186126708984 74
1736426604313 0.0007739923312328756 75
1736426605222 0.0013823362533003092 76
1736426606062 0.0014157010009512305 77
1736426606882 0.0006221631192602217 78
1736426607730 0.0004519323993008584 79
1736426608551 0.00039165583439171314 80
1736426609382 0.0003850125940516591 81
1736426610189 0.00039865521830506623 82
1736426611046 0.00043930215178988874 83
1736426611872 0.000379566743504256 84
1736426612752 0.00036504396121017635 85
1736426613676 0.0003518261364661157 86
1736426614507 0.00033620005706325173 87
1736426615369 0.000326263892930001 88
1736426616214 0.0003301544056739658 89
1736426617063 0.0003433386445976794 90
1736426617963 0.0003443170862738043 91
1736426618892 0.00034427677746862173 92
1736426619836 0.00030995020642876625 93
1736426620708 0.00029456880292855203 94
1736426621799 0.0003005530161317438 95
1736426622728 0.0002915139775723219 96
1736426623550 0.000292206765152514 97
1736426624348 0.0002987978223245591 98
1736426625200 0.000305765715893358 99
