1736426541341 0.2923734188079834 0
1736426542397 0.10909679532051086 1
1736426543433 0.06482382863759995 2
1736426544264 0.051183637231588364 3
1736426545192 0.047179657965898514 4
1736426546262 0.044279299676418304 5
1736426547103 0.041614048182964325 6
1736426548164 0.039722368121147156 7
1736426549052 0.037860237061977386 8
1736426550062 0.036074910312891006 9
1736426551393 0.034438569098711014 10
1736426552401 0.032975245267152786 11
1736426553467 0.03177092596888542 12
1736426554341 0.031388431787490845 13
1736426555237 0.03014013171195984 14
1736426556133 0.028498461470007896 15
1736426557008 0.027615392580628395 16
1736426557968 0.026772117242217064 17
1736426558854 0.0259476937353611 18
1736426559749 0.02672756463289261 19
1736426560543 0.025765204802155495 20
1736426561362 0.025193264707922935 21
1736426562232 0.024133143946528435 22
1736426563048 0.02315019816160202 23
1736426563886 0.02489766851067543 24
1736426564757 0.023311495780944824 25
1736426565620 0.023515896871685982 26
1736426566394 0.02215673215687275 27
1736426567241 0.021970607340335846 28
1736426568056 0.022913610562682152 29
1736426568869 0.02323729358613491 30
1736426569656 0.02190764807164669 31
1736426570431 0.024615371599793434 32
1736426571244 0.022225720807909966 33
1736426572002 0.01978057250380516 34
1736426572847 0.018935618922114372 35
1736426573639 0.018317263573408127 36
1736426574400 0.017949610948562622 37
1736426575160 0.018402207642793655 38
1736426575920 0.018380003049969673 39
1736426576739 0.017415333539247513 40
1736426577507 0.01680636778473854 41
1736426578301 0.016768166795372963 42
1736426579098 0.016372419893741608 43
1736426579852 0.017611104995012283 44
1736426580653 0.019018853083252907 45
1736426581426 0.028751632198691368 46
1736426582185 0.03480160981416702 47
1736426582960 0.027002425864338875 48
1736426583725 0.01852404698729515 49
1736426584518 0.016441531479358673 50
1736426585288 0.016047148033976555 51
1736426586056 0.015791291370987892 52
1736426586826 0.014749189838767052 53
1736426587654 0.014307975769042969 54
1736426588454 0.01488336082547903 55
1736426589223 0.018169766291975975 56
1736426589989 0.017007051035761833 57
1736426590756 0.015208764001727104 58
1736426591542 0.016042673960328102 59
1736426592307 0.014706139452755451 60
1736426593074 0.01311380136758089 61
1736426593839 0.013275997713208199 62
1736426594600 0.012700852937996387 63
1736426595412 0.012096263468265533 64
1736426596165 0.01250950712710619 65
1736426597007 0.012126479297876358 66
1736426597830 0.011670993641018867 67
1736426598652 0.011905496940016747 68
1736426599413 0.015064818784594536 69
1736426600184 0.016529109328985214 70
1736426600973 0.01946953684091568 71
1736426601781 0.01879868656396866 72
1736426602610 0.022504713386297226 73
1736426603431 0.019366784021258354 74
1736426604313 0.01719171367585659 75
1736426605222 0.025149116292595863 76
1736426606062 0.02764066495001316 77
1736426606882 0.016271328553557396 78
1736426607730 0.012629475444555283 79
1736426608551 0.011220908723771572 80
1736426609382 0.01131089311093092 81
1736426610189 0.011555714532732964 82
1736426611046 0.013086745515465736 83
1736426611872 0.011400021612644196 84
1736426612752 0.011066388338804245 85
1736426613676 0.01064117532223463 86
1736426614507 0.01025316584855318 87
1736426615369 0.00994148664176464 88
1736426616214 0.0101268719881773 89
1736426617063 0.010774367488920689 90
1736426617963 0.011103003285825253 91
1736426618892 0.010784251615405083 92
1736426619836 0.009800055995583534 93
1736426620708 0.009326988831162453 94
1736426621799 0.009688695892691612 95
1736426622728 0.009402700699865818 96
1736426623550 0.009446361102163792 97
1736426624348 0.009823694825172424 98
1736426625200 0.009913911111652851 99
