1736406931438 0.20819976925849915 0
1736406932047 0.024604598060250282 1
1736406932695 0.01322370208799839 2
1736406933293 0.010301674716174603 3
1736406933856 0.008822817355394363 4
1736406934411 0.007734533399343491 5
1736406934965 0.00678387051448226 6
1736406935583 0.006019985303282738 7
1736406936183 0.005342192482203245 8
1736406936748 0.004780452698469162 9
1736406937316 0.004316855221986771 10
1736406937870 0.003918145317584276 11
1736406938395 0.0035735692363232374 12
1736406938970 0.003280313452705741 13
1736406939523 0.0030249112751334906 14
1736406940036 0.0028127606492489576 15
1736406940573 0.002628627233207226 16
1736406941100 0.002445577410981059 17
1736406941603 0.002282337285578251 18
1736406942117 0.002138520823791623 19
