1736406931438 0.2779180109500885 0
1736406932047 0.10156982392072678 1
1736406932695 0.06357543170452118 2
1736406933293 0.05330246686935425 3
1736406933856 0.049704473465681076 4
1736406934411 0.046886131167411804 5
1736406934965 0.044373784214258194 6
1736406935583 0.04247452691197395 7
1736406936183 0.040781814604997635 8
1736406936748 0.039415210485458374 9
1736406937316 0.03824884071946144 10
1736406937870 0.03701459988951683 11
1736406938395 0.0358608216047287 12
1736406938970 0.03463488072156906 13
1736406939523 0.03355975076556206 14
1736406940036 0.0324532613158226 15
1736406940573 0.03151041269302368 16
1736406941100 0.030458755791187286 17
1736406941603 0.029332345351576805 18
1736406942117 0.028423264622688293 19
