1736403329447 0.18194447457790375 0
1736403330372 0.023363512009382248 1
1736403331411 0.011296630837023258 2
1736403332344 0.008615109138190746 3
1736403333341 0.007273313123732805 4
1736403334252 0.006251680664718151 5
1736403335122 0.005464048124849796 6
1736403336066 0.0048063150607049465 7
1736403337018 0.004283143673092127 8
1736403337966 0.003853150177747011 9
1736403338891 0.0035069186706095934 10
1736403339716 0.003210928989574313 11
1736403340533 0.0029387911781668663 12
1736403341471 0.002727895975112915 13
1736403342396 0.00251165684312582 14
1736403343415 0.002350732684135437 15
1736403344544 0.0022058566100895405 16
1736403345566 0.0020597048569470644 17
1736403346472 0.0019321951549500227 18
1736403347437 0.0018148845992982388 19
1736403348273 0.0017472582403570414 20
1736403349126 0.0016485226806253195 21
