1736403329447 0.2920834720134735 0
1736403330372 0.09509773552417755 1
1736403331411 0.05859954282641411 2
1736403332344 0.05041412264108658 3
1736403333341 0.0468924343585968 4
1736403334252 0.04413365200161934 5
1736403335122 0.04222092777490616 6
1736403336066 0.040550846606492996 7
1736403337018 0.03912033513188362 8
1736403337966 0.03768989443778992 9
1736403338891 0.03619109094142914 10
1736403339716 0.034740328788757324 11
1736403340533 0.03336998447775841 12
1736403341471 0.032276701182127 13
1736403342396 0.030757548287510872 14
1736403343415 0.0297658983618021 15
1736403344544 0.028963038697838783 16
1736403345566 0.027859555557370186 17
1736403346472 0.026915958151221275 18
1736403347437 0.026063112542033195 19
1736403348273 0.02567845769226551 20
1736403349126 0.024939293041825294 21
