1736472214629 0.13002996146678925 0
1736472215046 0.022632533684372902 1
1736472215582 0.013310903683304787 2
1736472215934 0.010141849517822266 3
1736472216280 0.008422021754086018 4
1736472216650 0.00728680519387126 5
1736472216995 0.00641732569783926 6
1736472217349 0.005689756944775581 7
1736472217694 0.005101188085973263 8
1736472218081 0.0045775012113153934 9
1736472218425 0.004146089311689138 10
1736472218793 0.003768578404560685 11
1736472219153 0.0034252512268722057 12
1736472219516 0.0031351761426776648 13
1736472219941 0.0028671615291386843 14
1736472220327 0.002633876632899046 15
1736472220757 0.0024405464064329863 16
1736472221185 0.002235207473859191 17
1736472221588 0.0020705368369817734 18
1736472221985 0.0019144113175570965 19
1736472222397 0.001769869471900165 20
1736472222788 0.0016573332250118256 21
1736472223189 0.0015326093416661024 22
1736472223602 0.0014274891000241041 23
1736472224019 0.0013532659504562616 24
1736472224473 0.0013001881306990981 25
1736472224936 0.001216388656757772 26
1736472225371 0.0011602534214034677 27
1736472225841 0.0011780456406995654 28
1736472226262 0.001082199509255588 29
1736472226717 0.0010230373591184616 30
1736472227226 0.0009779183892533183 31
1736472227633 0.0009404787560924888 32
1736472228016 0.0009058936848305166 33
1736472228430 0.0008761111530475318 34
1736472228838 0.000843751069623977 35
1736472229250 0.0008269601385109127 36
1736472229637 0.0008967286557890475 37
1736472230026 0.0008569011115469038 38
1736472230519 0.000790965452324599 39
1736472230985 0.0007833981653675437 40
1736472231464 0.0007806600187905133 41
1736472231918 0.0007550612208433449 42
1736472232348 0.0007101112860254943 43
1736472232800 0.0006886072224006057 44
1736472233205 0.0006858882843516767 45
1736472233633 0.0008309931727126241 46
1736472234059 0.0010304811876267195 47
1736472234457 0.0007880724151618779 48
1736472234848 0.0007755458354949951 49
1736472235278 0.0009410444763489068 50
1736472235683 0.0009138912428170443 51
1736472236084 0.0008156175608746707 52
1736472236490 0.0006266969721764326 53
1736472236880 0.0005870729219168425 54
1736472237299 0.0005738784093409777 55
1736472237710 0.0005505196168087423 56
1736472238107 0.000534271530341357 57
1736472238497 0.0005708253593184054 58
1736472238911 0.0005800109356641769 59
1736472239280 0.0006357195670716465 60
1736472239643 0.0006089828675612807 61
1736472239985 0.0007430955301970243 62
1736472240327 0.0010618796804919839 63
1736472240696 0.001467397902160883 64
1736472241164 0.0007671742932870984 65
1736472241556 0.0005077024688944221 66
1736472241896 0.00046421849401667714 67
1736472242258 0.0005266408552415669 68
1736472242603 0.0005123313749209046 69
1736472243019 0.0005089046317152679 70
1736472243493 0.0004900220083072782 71
1736472243855 0.00047711152001284063 72
1736472244246 0.0004733715031761676 73
1736472244593 0.00040745758451521397 74
1736472244931 0.0004003821813967079 75
1736472245267 0.00040366267785429955 76
1736472245618 0.0004104848485440016 77
1736472246059 0.00040303089190274477 78
1736472246487 0.0003813234798144549 79
1736472246920 0.0004075248434673995 80
1736472247311 0.000482215138617903 81
1736472247713 0.00041266781045123935 82
1736472248090 0.0004812287224922329 83
1736472248618 0.0004259193374309689 84
1736472249155 0.00039402261609211564 85
1736472249663 0.0003485639754217118 86
1736472250183 0.0003200066857971251 87
1736472250636 0.0003190880233887583 88
1736472251119 0.0003580303455237299 89
1736472251530 0.00032477901550009847 90
1736472251941 0.0003351798513904214 91
1736472252395 0.00031427311478182673 92
1736472252788 0.0002988950291182846 93
1736472253157 0.0003143798094242811 94
1736472253531 0.0003222095547243953 95
1736472253888 0.00030023115687072277 96
1736472254271 0.0004941864754073322 97
1736472254659 0.0006297338404692709 98
1736472255054 0.0023239804431796074 99
