1736472214629 0.240521639585495 0
1736472215046 0.09444501250982285 1
1736472215582 0.06458286941051483 2
1736472215934 0.05588988587260246 3
1736472216280 0.051149461418390274 4
1736472216650 0.04741913825273514 5
1736472216995 0.045041948556900024 6
1736472217349 0.043029170483350754 7
1736472217694 0.04143964499235153 8
1736472218081 0.039741143584251404 9
1736472218425 0.03815659508109093 10
1736472218793 0.036722682416439056 11
1736472219153 0.035170912742614746 12
1736472219516 0.03369536250829697 13
1736472219941 0.032294273376464844 14
1736472220327 0.03107086382806301 15
1736472220757 0.029909154400229454 16
1736472221185 0.028758374974131584 17
1736472221588 0.027816852554678917 18
1736472221985 0.026800543069839478 19
1736472222397 0.025834333151578903 20
1736472222788 0.0248929001390934 21
1736472223189 0.023997986689209938 22
1736472223602 0.02319800667464733 23
1736472224019 0.02260221540927887 24
1736472224473 0.022199295461177826 25
1736472224936 0.021487915888428688 26
1736472225371 0.02070491574704647 27
1736472225841 0.02122512273490429 28
1736472226262 0.020046541467308998 29
1736472226717 0.01967470347881317 30
1736472227226 0.018762890249490738 31
1736472227633 0.018428433686494827 32
1736472228016 0.018010342493653297 33
1736472228430 0.017598619684576988 34
1736472228838 0.017111212015151978 35
1736472229250 0.01709280163049698 36
1736472229637 0.018600229173898697 37
1736472230026 0.018241312354803085 38
1736472230519 0.016926312819123268 39
1736472230985 0.017261816188693047 40
1736472231464 0.01672951690852642 41
1736472231918 0.01646188646554947 42
1736472232348 0.01586952805519104 43
1736472232800 0.015804946422576904 44
1736472233205 0.015425664372742176 45
1736472233633 0.01795993559062481 46
1736472234059 0.021565031260252 47
1736472234457 0.017362693324685097 48
1736472234848 0.017389943823218346 49
1736472235278 0.019942952319979668 50
1736472235683 0.02114834263920784 51
1736472236084 0.018741633743047714 52
1736472236490 0.015393262729048729 53
1736472236880 0.014496713876724243 54
1736472237299 0.014420846477150917 55
1736472237710 0.014029502868652344 56
1736472238107 0.013307653367519379 57
1736472238497 0.01420468557626009 58
1736472238911 0.014702774584293365 59
1736472239280 0.016254128888249397 60
1736472239643 0.016026420518755913 61
1736472239985 0.017808685079216957 62
1736472240327 0.0209144689142704 63
1736472240696 0.028334204107522964 64
1736472241164 0.01953132264316082 65
1736472241556 0.013597680255770683 66
1736472241896 0.012036075815558434 67
1736472242258 0.014166166074573994 68
1736472242603 0.013591093942523003 69
1736472243019 0.01328794751316309 70
1736472243493 0.013228408060967922 71
1736472243855 0.013298412784934044 72
1736472244246 0.01327506173402071 73
1736472244593 0.011302400380373001 74
1736472244931 0.011064550839364529 75
1736472245267 0.01138236653059721 76
1736472245618 0.01180837582796812 77
1736472246059 0.011389385908842087 78
1736472246487 0.010998152196407318 79
1736472246920 0.011770094744861126 80
1736472247311 0.01376016903668642 81
1736472247713 0.012881701812148094 82
1736472248090 0.014064949005842209 83
1736472248618 0.012454399839043617 84
1736472249155 0.01210916880518198 85
1736472249663 0.010467112995684147 86
1736472250183 0.009439846500754356 87
1736472250636 0.009543628431856632 88
1736472251119 0.011437739245593548 89
1736472251530 0.010097535327076912 90
1736472251941 0.01050487533211708 91
1736472252395 0.009860506281256676 92
1736472252788 0.00928522739559412 93
1736472253157 0.009811208583414555 94
1736472253531 0.010490121319890022 95
1736472253888 0.009551153518259525 96
1736472254271 0.01484506856650114 97
1736472254659 0.016395529732108116 98
1736472255054 0.03674030303955078 99
