1736427421501 0.2440597116947174 0
1736427422026 0.03084718808531761 1
1736427422663 0.01564914733171463 2
1736427423292 0.01214315090328455 3
1736427423883 0.010359637439250946 4
1736427424410 0.0090465247631073 5
1736427424934 0.008041884750127792 6
1736427425511 0.007196739781647921 7
1736427426080 0.006488848477602005 8
1736427426644 0.005849344655871391 9
1736427427171 0.005334503948688507 10
1736427427687 0.0048711844719946384 11
1736427428200 0.0044663152657449245 12
1736427428713 0.004110249225050211 13
1736427429219 0.0038188013713806868 14
1736427429740 0.003506959415972233 15
1736427430263 0.003276336472481489 16
1736427430750 0.0030603681225329638 17
1736427431265 0.0028614201582968235 18
1736427431785 0.0026782331988215446 19
1736427432281 0.002516068983823061 20
1736427432831 0.002365789143368602 21
1736427433372 0.0022329920902848244 22
1736427433885 0.0021126519422978163 23
1736427434392 0.0020067503210157156 24
1736427434935 0.0019019953906536102 25
1736427435452 0.0018056781264021993 26
1736427435953 0.0017184829339385033 27
1736427436475 0.0016380117740482092 28
1736427436994 0.0015687505947425961 29
1736427437568 0.0014903584960848093 30
1736427438162 0.0014267907245084643 31
1736427438704 0.001364480471238494 32
1736427439258 0.0013077916810289025 33
1736427439781 0.0012638584012165666 34
1736427440292 0.0012167728273198009 35
1736427440833 0.0011678867740556598 36
1736427441364 0.0011341626523062587 37
1736427441878 0.001121649518609047 38
1736427442403 0.0010739737190306187 39
1736427442964 0.0010336411651223898 40
1736427443506 0.0010138323996216059 41
1736427444071 0.0009692119783721864 42
1736427444653 0.0009481923189014196 43
1736427445261 0.0009150434634648263 44
1736427445881 0.0008678476442582905 45
1736427446439 0.0008455282659269869 46
1736427446974 0.0008236292633228004 47
1736427447552 0.0008045437862165272 48
1736427448099 0.0007969661965034902 49
1736427448589 0.0007768135983496904 50
1736427449124 0.0007386088254861534 51
1736427449670 0.0007197688100859523 52
1736427450230 0.0007078173803165555 53
1736427450827 0.0006885015172883868 54
1736427451374 0.0007351802196353674 55
1736427451918 0.0007070487481541932 56
1736427452504 0.000682419107761234 57
1736427453081 0.0006475403788499534 58
1736427453656 0.0006332058692350984 59
1736427454202 0.0006127907545305789 60
1736427454822 0.0005934377550147474 61
1736427455373 0.0005813292809762061 62
1736427455952 0.0005643446347676218 63
1736427456513 0.0005449894815683365 64
1736427457047 0.0005749905831180513 65
1736427457584 0.0005387943238019943 66
1736427458292 0.000541727407835424 67
1736427458917 0.0005484732100740075 68
1736427459511 0.0005382443778216839 69
1736427460164 0.0005162369343452156 70
1736427460902 0.0005206399946473539 71
1736427461610 0.0005924414144828916 72
1736427462168 0.0005143687594681978 73
1736427462815 0.000481576775200665 74
1736427463468 0.0005627866485156119 75
1736427464150 0.0007634481298737228 76
1736427464727 0.0006774939247407019 77
1736427465348 0.0006015095859766006 78
1736427465883 0.000469910359242931 79
1736427466428 0.00048147302004508674 80
1736427466916 0.00045451847836375237 81
1736427467418 0.0004759679432027042 82
1736427467934 0.0005392675520852208 83
1736427468442 0.0005782743683084846 84
1736427468923 0.0005500915576703846 85
1736427469416 0.0006837625987827778 86
1736427469937 0.000766928365919739 87
1736427470440 0.0010188368614763021 88
1736427470932 0.0016842950135469437 89
1736427471416 0.0007399559253826737 90
1736427471935 0.000536603678483516 91
1736427472421 0.00045956543181091547 92
1736427472969 0.00039504055166617036 93
1736427473478 0.00037492855335585773 94
1736427474029 0.00036577266291715205 95
1736427474508 0.00036796260974369943 96
1736427475006 0.0003774933866225183 97
1736427475509 0.0003770476032514125 98
1736427475987 0.0003712975885719061 99
