1736427421501 0.29342418909072876 0
1736427422026 0.11391298472881317 1
1736427422663 0.06834833323955536 2
1736427423292 0.0565691776573658 3
1736427423883 0.0534091591835022 4
1736427424410 0.0506000816822052 5
1736427424934 0.04828130453824997 6
1736427425511 0.046175893396139145 7
1736427426080 0.04435223713517189 8
1736427426644 0.04289755970239639 9
1736427427171 0.0416862852871418 10
1736427427687 0.04047646000981331 11
1736427428200 0.03923125937581062 12
1736427428713 0.038020264357328415 13
1736427429219 0.037137407809495926 14
1736427429740 0.03570584952831268 15
1736427430263 0.03461535647511482 16
1736427430750 0.033534277230501175 17
1736427431265 0.03242161497473717 18
1736427431785 0.03143271058797836 19
1736427432281 0.030545389279723167 20
1736427432831 0.029588475823402405 21
1736427433372 0.028780056163668633 22
1736427433885 0.027971845120191574 23
1736427434392 0.027303313836455345 24
1736427434935 0.02664969488978386 25
1736427435452 0.026096414774656296 26
1736427435953 0.025514068081974983 27
1736427436475 0.02490970678627491 28
1736427436994 0.024461856111884117 29
1736427437568 0.023761607706546783 30
1736427438162 0.02343253418803215 31
1736427438704 0.02286551333963871 32
1736427439258 0.022329270839691162 33
1736427439781 0.02194439247250557 34
1736427440292 0.021659374237060547 35
1736427440833 0.021044086664915085 36
1736427441364 0.020933285355567932 37
1736427441878 0.02100357599556446 38
1736427442403 0.020588232204318047 39
1736427442964 0.019841697067022324 40
1736427443506 0.019893737509846687 41
1736427444071 0.019293593242764473 42
1736427444653 0.018948914483189583 43
1736427445261 0.018775474280118942 44
1736427445881 0.017777245491743088 45
1736427446439 0.017565052956342697 46
1736427446974 0.017204446718096733 47
1736427447552 0.0172076728194952 48
1736427448099 0.0170486681163311 49
1736427448589 0.01668199524283409 50
1736427449124 0.016003955155611038 51
1736427449670 0.015911217778921127 52
1736427450230 0.015675269067287445 53
1736427450827 0.01565607264637947 54
1736427451374 0.016561998054385185 55
1736427451918 0.016551796346902847 56
1736427452504 0.015674231573939323 57
1736427453081 0.015200640074908733 58
1736427453656 0.014680691063404083 59
1736427454202 0.014429007656872272 60
1736427454822 0.01408784557133913 61
1736427455373 0.01396439503878355 62
1736427455952 0.013604594394564629 63
1736427456513 0.01312465500086546 64
1736427457047 0.01419975608587265 65
1736427457584 0.013183237053453922 66
1736427458292 0.013459720648825169 67
1736427458917 0.013707881793379784 68
1736427459511 0.01356170978397131 69
1736427460164 0.013060198165476322 70
1736427460902 0.013002163730561733 71
1736427461610 0.01482886541634798 72
1736427462168 0.013360695913434029 73
1736427462815 0.012450942769646645 74
1736427463468 0.014661015942692757 75
1736427464150 0.01770789735019207 76
1736427464727 0.01612835004925728 77
1736427465348 0.015449870377779007 78
1736427465883 0.012500855140388012 79
1736427466428 0.013249827548861504 80
1736427466916 0.012359310872852802 81
1736427467418 0.012465935200452805 82
1736427467934 0.014797219075262547 83
1736427468442 0.015093429014086723 84
1736427468923 0.01467234268784523 85
1736427469416 0.016199393197894096 86
1736427469937 0.017462575808167458 87
1736427470440 0.02326674573123455 88
1736427470932 0.026456816121935844 89
1736427471416 0.01726466603577137 90
1736427471935 0.014198234304785728 91
1736427472421 0.013234062120318413 92
1736427472969 0.01090257242321968 93
1736427473478 0.010548659600317478 94
1736427474029 0.010304593481123447 95
1736427474508 0.01065488625317812 96
1736427475006 0.010904771275818348 97
1736427475509 0.011266754008829594 98
1736427475987 0.011133680120110512 99
