1736426475596 0.08526220172643661 0
1736426476090 0.016818419098854065 1
1736426476666 0.010047100484371185 2
1736426477261 0.007633103523403406 3
1736426477804 0.006229747086763382 4
1736426478317 0.005231934133917093 5
1736426478852 0.004431733395904303 6
1736426479398 0.003853705944493413 7
1736426479923 0.003379091853275895 8
1736426480493 0.002969511551782489 9
1736426481025 0.0027181890327483416 10
1736426481594 0.0023680601734668016 11
1736426482177 0.002142478246241808 12
1736426482767 0.001918584806844592 13
1736426483317 0.0017569747287780046 14
1736426483866 0.001645261305384338 15
1736426484386 0.001728662522509694 16
1736426484898 0.001479153404943645 17
1736426485458 0.00133215868845582 18
1736426485977 0.0012255156179890037 19
1736426486480 0.0011606879997998476 20
1736426487001 0.0011100344127044082 21
1736426487552 0.001087130862288177 22
1736426488074 0.0009927110513672233 23
1736426488596 0.0009675464243628085 24
1736426489119 0.000916465709451586 25
1736426489629 0.000986853614449501 26
1736426490209 0.000913294090423733 27
1736426490725 0.0008768020197749138 28
1736426491247 0.0009131946717388928 29
1736426491761 0.001115882652811706 30
1736426492319 0.0007573885377496481 31
1736426492837 0.0006749532767571509 32
1736426493379 0.0006617725593969226 33
1736426494112 0.0006021279841661453 34
1736426494708 0.000596161000430584 35
1736426495316 0.0006149157416075468 36
1736426495975 0.0005695136496797204 37
1736426496660 0.0006482864264398813 38
1736426497320 0.0008196733542717993 39
1736426497835 0.000660087913274765 40
1736426498329 0.0006378408870659769 41
1736426498903 0.0005726382369175553 42
1736426499492 0.0004952318849973381 43
1736426500214 0.0005410384619608521 44
1736426500789 0.000841341505292803 45
1736426501339 0.0010165234562009573 46
1736426501907 0.001333614462055266 47
1736426502467 0.00058009970234707 48
1736426503011 0.00044502055970951915 49
1736426503545 0.0004270149511285126 50
1736426504123 0.0005402022507041693 51
1736426504666 0.0005443705013021827 52
1736426505196 0.00042751472210511565 53
1736426505729 0.0004802834882866591 54
1736426506281 0.0005424252594821155 55
1736426506785 0.0004972907481715083 56
1736426507302 0.0004255880194250494 57
1736426507800 0.0003821986902039498 58
1736426508331 0.0003577477764338255 59
1736426508846 0.0003322781703900546 60
1736426509344 0.0003597018076106906 61
1736426509846 0.000352376198861748 62
1736426510381 0.00033343362156301737 63
1736426510893 0.00035662599839270115 64
1736426511387 0.00046531998668797314 65
1736426511901 0.0003974959545303136 66
1736426512472 0.0003191212599631399 67
1736426513013 0.0003133424324914813 68
1736426513524 0.00031593116000294685 69
1736426514023 0.0003147764364257455 70
1736426514568 0.0008064068388193846 71
1736426515077 0.0016990718431770802 72
1736426515584 0.0019203787669539452 73
1736426516083 0.0009633775916881859 74
1736426516629 0.0010301852598786354 75
1736426517133 0.0006477642455138266 76
1736426517642 0.00047784007620066404 77
1736426518142 0.0003905791090801358 78
1736426518692 0.00048816404887475073 79
1736426519198 0.0004941830993629992 80
1736426519695 0.00030346415587700903 81
1736426520214 0.0003133791033178568 82
1736426520755 0.0002727567625697702 83
1736426521257 0.00026068868464790285 84
1736426521762 0.00024345934798475355 85
1736426522304 0.0002544548478908837 86
1736426522927 0.00024689806741662323 87
1736426523468 0.00023460663214791566 88
1736426523981 0.0002330371062271297 89
1736426524490 0.00027600242174230516 90
1736426525039 0.00023353146389126778 91
1736426525548 0.0002466350269969553 92
1736426526049 0.00024293333990499377 93
1736426526560 0.00022528682893607765 94
1736426527126 0.00021563295740634203 95
1736426527687 0.0002623168402351439 96
1736426528210 0.0002700216427911073 97
1736426528717 0.00022506846289616078 98
1736426529262 0.00022972925216890872 99
