1736426475596 0.17580686509609222 0
1736426476090 0.07390084117650986 1
1736426476666 0.056396279484033585 2
1736426477261 0.04769870638847351 3
1736426477804 0.042904213070869446 4
1736426478317 0.03979010507464409 5
1736426478852 0.037526197731494904 6
1736426479398 0.035674531012773514 7
1736426479923 0.0341426357626915 8
1736426480493 0.032531991600990295 9
1736426481025 0.03207411989569664 10
1736426481594 0.029696758836507797 11
1736426482177 0.02841310389339924 12
1736426482767 0.026861906051635742 13
1736426483317 0.025729138404130936 14
1736426483866 0.025096485391259193 15
1736426484386 0.027432722970843315 16
1736426484898 0.024489199742674828 17
1736426485458 0.022870592772960663 18
1736426485977 0.02155212312936783 19
1736426486480 0.021310318261384964 20
1736426487001 0.020958764478564262 21
1736426487552 0.02109774574637413 22
1736426488074 0.019883044064044952 23
1736426488596 0.019907573238015175 24
1736426489119 0.01915813237428665 25
1736426489629 0.020976709201931953 26
1736426490209 0.020212214440107346 27
1736426490725 0.019784418866038322 28
1736426491247 0.021059919148683548 29
1736426491761 0.023292144760489464 30
1736426492319 0.017712179571390152 31
1736426492837 0.016222771257162094 32
1736426493379 0.01630614511668682 33
1736426494112 0.014890025369822979 34
1736426494708 0.014929168857634068 35
1736426495316 0.015734834596514702 36
1736426495975 0.014979948289692402 37
1736426496660 0.01605495624244213 38
1736426497320 0.01971404254436493 39
1736426497835 0.01668955199420452 40
1736426498329 0.01715504750609398 41
1736426498903 0.015715982764959335 42
1736426499492 0.013788060285151005 43
1736426500214 0.015262430533766747 44
1736426500789 0.020099442452192307 45
1736426501339 0.022480269894003868 46
1736426501907 0.02600850537419319 47
1736426502467 0.015366251580417156 48
1736426503011 0.012739438563585281 49
1736426503545 0.01267258170992136 50
1736426504123 0.015375688672065735 51
1736426504666 0.01623438484966755 52
1736426505196 0.012773429043591022 53
1736426505729 0.014789106324315071 54
1736426506281 0.014646117575466633 55
1736426506785 0.014974478632211685 56
1736426507302 0.013009847141802311 57
1736426507800 0.011977187357842922 58
1736426508331 0.011270411312580109 59
1736426508846 0.010586877353489399 60
1736426509344 0.011698543094098568 61
1736426509846 0.01133909821510315 62
1736426510381 0.01092537585645914 63
1736426510893 0.011976437643170357 64
1736426511387 0.014297605492174625 65
1736426511901 0.012968494556844234 66
1736426512472 0.010841836221516132 67
1736426513013 0.010627287440001965 68
1736426513524 0.010947514325380325 69
1736426514023 0.01079919096082449 70
1736426514568 0.02026526629924774 71
1736426515077 0.029688365757465363 72
1736426515584 0.03210502862930298 73
1736426516083 0.021701505407691002 74
1736426516629 0.02392992377281189 75
1736426517133 0.018043052405118942 76
1736426517642 0.014572574757039547 77
1736426518142 0.012531486339867115 78
1736426518692 0.015043975785374641 79
1736426519198 0.015468751080334187 80
1736426519695 0.01081711146980524 81
1736426520214 0.011142130009829998 82
1736426520755 0.009943466633558273 83
1736426521257 0.009526560083031654 84
1736426521762 0.00892001111060381 85
1736426522304 0.009682485833764076 86
1736426522927 0.00936512928456068 87
1736426523468 0.00883456226438284 88
1736426523981 0.008912557736039162 89
1736426524490 0.010388131253421307 90
1736426525039 0.008946744725108147 91
1736426525548 0.009515936486423016 92
1736426526049 0.009314915165305138 93
1736426526560 0.008755200542509556 94
1736426527126 0.00846504233777523 95
1736426527687 0.010383883491158485 96
1736426528210 0.010389840230345726 97
1736426528717 0.009113650768995285 98
1736426529262 0.009271192364394665 99
