1736426145338 0.2897038161754608 0
1736426145668 0.048551931977272034 1
1736426145954 0.026147445663809776 2
1736426146239 0.01932755671441555 3
1736426146569 0.016000118106603622 4
1736426146868 0.013803282752633095 5
1736426147179 0.012196452356874943 6
1736426147492 0.010951440781354904 7
1736426147811 0.0100023802369833 8
1736426148121 0.009166967123746872 9
1736426148450 0.008513313718140125 10
1736426148740 0.007918966934084892 11
1736426149034 0.007435974664986134 12
1736426149357 0.007007653824985027 13
1736426149644 0.006631449330598116 14
1736426149940 0.0062774671241641045 15
1736426150231 0.005997150205075741 16
1736426150663 0.005676436237990856 17
1736426151053 0.005392079241573811 18
1736426151400 0.005128626711666584 19
1736426151821 0.004890722688287497 20
1736426152178 0.004664798732846975 21
1736426152530 0.004452854860574007 22
1736426152928 0.00424705445766449 23
1736426153297 0.00409448379650712 24
1736426153641 0.003948277793824673 25
1736426153996 0.0037873494438827038 26
1736426154415 0.0035806475207209587 27
1736426154784 0.003432691562920809 28
1736426155136 0.0033001357223838568 29
1736426155522 0.0031664245761930943 30
1736426155871 0.0030481768772006035 31
1736426156185 0.002933081239461899 32
1736426156512 0.002833317266777158 33
1736426156828 0.002710607834160328 34
1736426157154 0.0026211754884570837 35
