1736426145338 0.4042348563671112 0
1736426145668 0.1578514277935028 1
1736426145954 0.10515985637903214 2
1736426146239 0.08654718101024628 3
1736426146569 0.07618825882673264 4
1736426146868 0.06932920962572098 5
1736426147179 0.06421025097370148 6
1736426147492 0.06045035645365715 7
1736426147811 0.057645998895168304 8
1736426148121 0.05537169799208641 9
1736426148450 0.053566742688417435 10
1736426148740 0.05176528915762901 11
1736426149034 0.05044904723763466 12
1736426149357 0.04921716824173927 13
1736426149644 0.04798252508044243 14
1736426149940 0.04683113470673561 15
1736426150231 0.04586237668991089 16
1736426150663 0.04476708173751831 17
1736426151053 0.043547891080379486 18
1736426151400 0.042423151433467865 19
1736426151821 0.0415799506008625 20
1736426152178 0.040575943887233734 21
1736426152530 0.03953070193529129 22
1736426152928 0.03860071673989296 23
1736426153297 0.03795419633388519 24
1736426153641 0.03723670542240143 25
1736426153996 0.0365169383585453 26
1736426154415 0.035418178886175156 27
1736426154784 0.034640099853277206 28
1736426155136 0.03402036800980568 29
1736426155522 0.03325497359037399 30
1736426155871 0.032571371644735336 31
1736426156185 0.03212534263730049 32
1736426156512 0.031593430787324905 33
1736426156828 0.03075488470494747 34
1736426157154 0.030396843329072 35
