1736407771888 0.1975611299276352 0
1736407772211 0.03308328613638878 1
1736407772552 0.018155481666326523 2
1736407772898 0.01379981730133295 3
1736407773260 0.011284754611551762 4
1736407773609 0.00969775952398777 5
1736407773925 0.00859478022903204 6
1736407774268 0.007717360742390156 7
1736407774600 0.006958832498639822 8
1736407774968 0.006344167049974203 9
1736407775322 0.005808907561004162 10
1736407775678 0.0053365291096270084 11
1736407776019 0.004924786277115345 12
1736407776355 0.00453603733330965 13
1736407776729 0.004206797573715448 14
1736407777131 0.003881655400618911 15
1736407777647 0.0036224930081516504 16
1736407778217 0.003357217414304614 17
1736407778897 0.003137934021651745 18
1736407779505 0.0029394200537353754 19
1736407780011 0.002771046245470643 20
1736407780575 0.002605360932648182 21
1736407781104 0.002454444533213973 22
1736407781681 0.0023252745158970356 23
1736407782267 0.0021944076288491488 24
1736407782859 0.00208069384098053 25
1736407783322 0.001970750279724598 26
1736407783745 0.0018612637650221586 27
1736407784181 0.001773403026163578 28
1736407784694 0.0016842529876157641 29
1736407785182 0.0016095720930024981 30
1736407785556 0.0015361172845587134 31
1736407785914 0.0014689009403809905 32
1736407786261 0.0014418034115806222 33
1736407786596 0.0013441105838865042 34
1736407786931 0.0012870795326307416 35
1736407787261 0.0012414100347086787 36
1736407787579 0.0012072654208168387 37
