1736407771888 0.28569820523262024 0
1736407772211 0.11800547689199448 1
1736407772552 0.07396284490823746 2
1736407772898 0.06246499344706535 3
1736407773260 0.056714121252298355 4
1736407773609 0.052534185349941254 5
1736407773925 0.0496235117316246 6
1736407774268 0.04704125598073006 7
1736407774600 0.04459008201956749 8
1736407774968 0.042714912444353104 9
1736407775322 0.04104885086417198 10
1736407775678 0.039736393839120865 11
1736407776019 0.03854256868362427 12
1736407776355 0.037444498389959335 13
1736407776729 0.03637635335326195 14
1736407777131 0.035259559750556946 15
1736407777647 0.03437506780028343 16
1736407778217 0.03337131068110466 17
1736407778897 0.032552119344472885 18
1736407779505 0.03164757043123245 19
1736407780011 0.0308335293084383 20
1736407780575 0.03005550056695938 21
1736407781104 0.0292999055236578 22
1736407781681 0.02867385558784008 23
1736407782267 0.027891241014003754 24
1736407782859 0.02735205739736557 25
1736407783322 0.02672179602086544 26
1736407783745 0.02586887963116169 27
1736407784181 0.025239909067749977 28
1736407784694 0.024570027366280556 29
1736407785182 0.024096520617604256 30
1736407785556 0.023545583710074425 31
1736407785914 0.023015519604086876 32
1736407786261 0.023065218701958656 33
1736407786596 0.02204536646604538 34
1736407786931 0.021442463621497154 35
1736407787261 0.021245110780000687 36
1736407787579 0.02138400636613369 37
