1736426384451 0.21399566531181335 0
1736426384752 0.03955896943807602 1
1736426385102 0.021612176671624184 2
1736426385429 0.016693640500307083 3
1736426385834 0.013911394402384758 4
1736426386249 0.012007782235741615 5
1736426386562 0.010533319786190987 6
1736426386840 0.009525791741907597 7
1736426387188 0.008650860749185085 8
1736426387507 0.00797420646995306 9
1736426387815 0.0074008675292134285 10
1736426388101 0.00689488323405385 11
1736426388450 0.006495832931250334 12
1736426388754 0.006118211895227432 13
1736426389039 0.005785477347671986 14
1736426389347 0.005475558340549469 15
1736426389647 0.005209807772189379 16
1736426389979 0.004921844694763422 17
1736426390292 0.0046692462638020515 18
1736426390599 0.00444348668679595 19
1736426390896 0.004205225966870785 20
1736426391220 0.003978080581873655 21
1736426391572 0.0037842432502657175 22
1736426391881 0.0036042812280356884 23
1736426392172 0.003417162923142314 24
1736426392460 0.003250132082030177 25
1736426392751 0.0030965290497988462 26
1736426393059 0.00293753738515079 27
1736426393375 0.0028116675093770027 28
1736426393683 0.0026721672620624304 29
1736426394001 0.002543657086789608 30
1736426394341 0.002430398017168045 31
1736426394688 0.0023192339576780796 32
1736426395011 0.002215071115642786 33
1736426395415 0.002115358831360936 34
1736426395780 0.002030055969953537 35
1736426396116 0.0019412763649597764 36
1736426396421 0.0018632245482876897 37
1736426396728 0.0017888495931401849 38
1736426397023 0.0017138855764642358 39
1736426397319 0.0016495607560500503 40
1736426397644 0.0015874453820288181 41
1736426397957 0.0015282101230695844 42
1736426398255 0.0014673619298264384 43
1736426398576 0.0014169029891490936 44
1736426398872 0.0013661597622558475 45
1736426399169 0.0013175788335502148 46
1736426399488 0.0012749003944918513 47
1736426399813 0.0012346465373411775 48
1736426400128 0.0011905890423804522 49
1736426400433 0.0011532530188560486 50
1736426400786 0.0011261431500315666 51
1736426401096 0.0010840112809091806 52
1736426401398 0.0010487644467502832 53
1736426401687 0.0010157835204154253 54
1736426401977 0.0009875482646748424 55
1736426402291 0.0009603294893167913 56
1736426402582 0.0009381806012243032 57
1736426402873 0.0009098821319639683 58
1736426403166 0.0008853087783791125 59
1736426403468 0.0008646885980851948 60
1736426403762 0.0008427132852375507 61
1736426404101 0.0008290300029329956 62
1736426404409 0.0008070633048191667 63
1736426404701 0.0007812941912561655 64
1736426404998 0.000765440461691469 65
1736426405297 0.0007501955260522664 66
1736426405599 0.0007282393053174019 67
1736426405901 0.0007097094203345478 68
1736426406199 0.0006999874021857977 69
1736426406490 0.0006813363870605826 70
1736426406795 0.0006717772921547294 71
1736426407121 0.000653968658298254 72
1736426407468 0.0006408522021956742 73
1736426407779 0.0006332856137305498 74
1736426408071 0.0006203516386449337 75
1736426408377 0.0005981295253150165 76
1736426408687 0.0005882023251615465 77
1736426408994 0.0005763238295912743 78
1736426409287 0.0005683742929250002 79
1736426409589 0.0005725491209886968 80
1736426409887 0.0005554649978876114 81
1736426410218 0.0005469364696182311 82
1736426410542 0.0005338741466403008 83
1736426410864 0.0005254733259789646 84
1736426411180 0.0005182962631806731 85
1736426411507 0.0005089911865070462 86
1736426411821 0.0004965249681845307 87
1736426412121 0.0004924870445393026 88
1736426412418 0.0004810671089217067 89
1736426412715 0.00047118045040406287 90
1736426413025 0.000465563265606761 91
1736426413367 0.000457387970527634 92
1736426413666 0.0004638498940039426 93
1736426413971 0.00045789999421685934 94
1736426414262 0.0004371211107354611 95
1736426414564 0.00043597520561888814 96
1736426414863 0.00042446920997463167 97
1736426415167 0.0004202454292681068 98
1736426415470 0.0004155632632318884 99
