1736426384451 0.29190751910209656 0
1736426384752 0.1395966112613678 1
1736426385102 0.08739854395389557 2
1736426385429 0.0713038370013237 3
1736426385834 0.06324323266744614 4
1736426386249 0.05867603421211243 5
1736426386562 0.05579715967178345 6
1736426386840 0.053996745496988297 7
1736426387188 0.05226841941475868 8
1736426387507 0.05088667571544647 9
1736426387815 0.04955458268523216 10
1736426388101 0.04817536100745201 11
1736426388450 0.04707963392138481 12
1736426388754 0.04587746411561966 13
1736426389039 0.04468587413430214 14
1736426389347 0.0435875728726387 15
1736426389647 0.04252830520272255 16
1736426389979 0.04143581539392471 17
1736426390292 0.04047571122646332 18
1736426390599 0.039491187781095505 19
1736426390896 0.03849470615386963 20
1736426391220 0.03740181773900986 21
1736426391572 0.03657810389995575 22
1736426391881 0.035860057920217514 23
1736426392172 0.03480435162782669 24
1736426392460 0.03403095528483391 25
1736426392751 0.03321637213230133 26
1736426393059 0.032513584941625595 27
1736426393375 0.03202488645911217 28
1736426393683 0.031211532652378082 29
1736426394001 0.03047735057771206 30
1736426394341 0.02988574467599392 31
1736426394688 0.029295120388269424 32
1736426395011 0.028727320954203606 33
1736426395415 0.028172941878437996 34
1736426395780 0.027705498039722443 35
1736426396116 0.02710556611418724 36
1736426396421 0.026755010709166527 37
1736426396728 0.02616618573665619 38
1736426397023 0.025712618604302406 39
1736426397319 0.025280436500906944 40
1736426397644 0.024925610050559044 41
1736426397957 0.02441379241645336 42
1736426398255 0.023946717381477356 43
1736426398576 0.02360544726252556 44
1736426398872 0.023215480148792267 45
1736426399169 0.022853221744298935 46
1736426399488 0.022509213536977768 47
1736426399813 0.0221656896173954 48
1736426400128 0.02175202965736389 49
1736426400433 0.021430078893899918 50
1736426400786 0.021136613562703133 51
1736426401096 0.02072831243276596 52
1736426401398 0.020429477095603943 53
1736426401687 0.019991319626569748 54
1736426401977 0.0196937657892704 55
1736426402291 0.019433455541729927 56
1736426402582 0.019181152805685997 57
1736426402873 0.01885509490966797 58
1736426403166 0.01856912672519684 59
1736426403468 0.018412135541439056 60
1736426403762 0.0181012824177742 61
1736426404101 0.018068205565214157 62
1736426404409 0.017683187499642372 63
1736426404701 0.017405325546860695 64
1736426404998 0.0171514805406332 65
1736426405297 0.017050249502062798 66
1736426405599 0.0166703499853611 67
1736426405901 0.016394639387726784 68
1736426406199 0.016371779143810272 69
1736426406490 0.01603609509766102 70
1736426406795 0.015902701765298843 71
1736426407121 0.01563490368425846 72
1736426407468 0.01543121226131916 73
1736426407779 0.015299524180591106 74
1736426408071 0.015127654187381268 75
1736426408377 0.01478864997625351 76
1736426408687 0.014637546613812447 77
1736426408994 0.014446595683693886 78
1736426409287 0.014424937777221203 79
1736426409589 0.014549010433256626 80
1736426409887 0.0142722362652421 81
1736426410218 0.014098921790719032 82
1736426410542 0.013944866135716438 83
1736426410864 0.013803524896502495 84
1736426411180 0.013658559881150723 85
1736426411507 0.013657133094966412 86
1736426411821 0.013402502983808517 87
1736426412121 0.013362899422645569 88
1736426412418 0.013037486001849174 89
1736426412715 0.01299239695072174 90
1736426413025 0.012823113240301609 91
1736426413367 0.01261256542056799 92
1736426413666 0.012893443927168846 93
1736426413971 0.01283323299139738 94
1736426414262 0.012379751540720463 95
1736426414564 0.012426870875060558 96
1736426414863 0.01214086078107357 97
1736426415167 0.012012908235192299 98
1736426415470 0.012020253576338291 99
