1736471397762 0.3879658281803131 0
1736471398277 0.036641016602516174 1
1736471398831 0.01817181333899498 2
1736471399441 0.013277453370392323 3
1736471399939 0.010840468108654022 4
1736471400463 0.009342653676867485 5
1736471400967 0.008252464234828949 6
1736471401481 0.0073396675288677216 7
1736471401984 0.0065926979295909405 8
1736471402520 0.0059875971637666225 9
1736471403021 0.005441643297672272 10
1736471403514 0.004986493848264217 11
1736471404007 0.004603767301887274 12
1736471404574 0.004227647557854652 13
1736471405087 0.003930887673050165 14
1736471405586 0.0036449297331273556 15
1736471406166 0.003400847315788269 16
1736471406690 0.0031742011196911335 17
1736471407193 0.0029788045212626457 18
1736471407680 0.0027999901212751865 19
1736471408195 0.002631635405123234 20
1736471408693 0.002479152288287878 21
1736471409191 0.0023526891600340605 22
1736471409723 0.0022352752275764942 23
1736471410204 0.002111188368871808 24
1736471410717 0.0020072292536497116 25
1736471411208 0.0019196306820958853 26
1736471411708 0.0018351362086832523 27
1736471412251 0.0017559999832883477 28
1736471412810 0.0016854900168254972 29
1736471413355 0.0016210452886298299 30
1736471413855 0.0015432374784722924 31
1736471414372 0.0015025603352114558 32
1736471414928 0.0014374665915966034 33
1736471415432 0.0013669481268152595 34
1736471415964 0.001320956158451736 35
1736471416509 0.0012780223041772842 36
1736471417138 0.001234458526596427 37
1736471417732 0.0011872280156239867 38
1736471418274 0.0011513072531670332 39
1736471418780 0.0011135197710245848 40
1736471419369 0.0010808355873450637 41
1736471419918 0.0010508650448173285 42
1736471420458 0.0010214106878265738 43
1736471421003 0.0009909949731081724 44
1736471421508 0.000954091374296695 45
1736471422194 0.0009609840344637632 46
1736471422767 0.0009438476990908384 47
1736471423295 0.0008993293740786612 48
1736471423824 0.0008513007778674364 49
1736471424344 0.0008397742640227079 50
1736471424884 0.0008155231480486691 51
1736471425386 0.0008008744334802032 52
1736471425927 0.0007762362365610898 53
1736471426459 0.0007511022267863154 54
1736471426999 0.0007425352232530713 55
1736471427603 0.000758210604544729 56
1736471428168 0.0007011667476035655 57
1736471428716 0.0006912117823958397 58
1736471429318 0.0006714967894367874 59
1736471429908 0.0006890126969665289 60
1736471430465 0.000863178982399404 61
1736471431072 0.0006982488557696342 62
1736471431697 0.0006514047854579985 63
1736471432302 0.0006201397045515478 64
1736471432885 0.0005998472915962338 65
1736471433439 0.0005809577996842563 66
1736471434022 0.0005748045514337718 67
1736471434698 0.0005717749008908868 68
1736471435267 0.0005567321786656976 69
1736471435854 0.000544360198546201 70
1736471436472 0.000526243937201798 71
1736471437063 0.000514471554197371 72
1736471437603 0.000523993861861527 73
1736471438118 0.0005269314860925078 74
1736471438708 0.0007064325618557632 75
1736471439235 0.0005599941941909492 76
1736471439768 0.0005280530313029885 77
1736471440269 0.0004940873477607965 78
1736471440773 0.0004713793459814042 79
1736471441303 0.00046592295984737575 80
1736471441833 0.0004543366376310587 81
1736471442418 0.000456422712886706 82
1736471442928 0.0005171941593289375 83
1736471443440 0.0004690759815275669 84
1736471443977 0.00043626854312606156 85
1736471444483 0.00043455068953335285 86
1736471444983 0.00047195653314702213 87
1736471445527 0.0005525790620595217 88
1736471446053 0.0006791378255002201 89
1736471446566 0.0005037502851337194 90
1736471447073 0.0004894317244179547 91
1736471447616 0.0005840195808559656 92
1736471448116 0.0005651748506352305 93
1736471448630 0.0005408922443166375 94
1736471449197 0.00043154298327863216 95
1736471449699 0.00038903934182599187 96
1736471450203 0.00040275734500028193 97
1736471450724 0.00038250794750638306 98
1736471451235 0.00036548840580508113 99
