1736471397762 0.39350828528404236 0
1736471398277 0.12086207419633865 1
1736471398831 0.07413571327924728 2
1736471399441 0.06022959202528 3
1736471399939 0.05407640337944031 4
1736471400463 0.0506632998585701 5
1736471400967 0.04800654575228691 6
1736471401481 0.04561107978224754 7
1736471401984 0.04367617145180702 8
1736471402520 0.042003266513347626 9
1736471403021 0.040467895567417145 10
1736471403514 0.03936035931110382 11
1736471404007 0.03863927349448204 12
1736471404574 0.037226032465696335 13
1736471405087 0.03644170984625816 14
1736471405586 0.03524430841207504 15
1736471406166 0.03425808995962143 16
1736471406690 0.03322890028357506 17
1736471407193 0.03243546560406685 18
1736471407680 0.031676147133111954 19
1736471408195 0.030565226450562477 20
1736471408693 0.02973836101591587 21
1736471409191 0.029110386967658997 22
1736471409723 0.02871769480407238 23
1736471410204 0.027512524276971817 24
1736471410717 0.0268922857940197 25
1736471411208 0.026416637003421783 26
1736471411708 0.025915345177054405 27
1736471412251 0.025594981387257576 28
1736471412810 0.02487066201865673 29
1736471413355 0.024596640840172768 30
1736471413855 0.02382579818367958 31
1736471414372 0.02388080395758152 32
1736471414928 0.023228660225868225 33
1736471415432 0.0224253349006176 34
1736471415964 0.022026963531970978 35
1736471416509 0.02183552458882332 36
1736471417138 0.021324343979358673 37
1736471417732 0.020922459661960602 38
1736471418274 0.020656969398260117 39
1736471418780 0.02022385597229004 40
1736471419369 0.01995723508298397 41
1736471419918 0.01960711181163788 42
1736471420458 0.01935615763068199 43
1736471421003 0.01898365654051304 44
1736471421508 0.018565049394965172 45
1736471422194 0.018724149093031883 46
1736471422767 0.018883608281612396 47
1736471423295 0.017982574179768562 48
1736471423824 0.01733839511871338 49
1736471424344 0.017160894349217415 50
1736471424884 0.016838524490594864 51
1736471425386 0.01680065132677555 52
1736471425927 0.016500938683748245 53
1736471426459 0.016068214550614357 54
1736471426999 0.016151024028658867 55
1736471427603 0.016567766666412354 56
1736471428168 0.015387642197310925 57
1736471428716 0.01522793248295784 58
1736471429318 0.01513393223285675 59
1736471429908 0.01529770065099001 60
1736471430465 0.018405236303806305 61
1736471431072 0.015659203752875328 62
1736471431697 0.015094976872205734 63
1736471432302 0.014529557898640633 64
1736471432885 0.014335454441606998 65
1736471433439 0.01377379335463047 66
1736471434022 0.013535471633076668 67
1736471434698 0.01377112790942192 68
1736471435267 0.013500756584107876 69
1736471435854 0.01337149366736412 70
1736471436472 0.012818402610719204 71
1736471437063 0.0125560462474823 72
1736471437603 0.012981831096112728 73
1736471438118 0.013119485229253769 74
1736471438708 0.017290621995925903 75
1736471439235 0.01432468369603157 76
1736471439768 0.013326328247785568 77
1736471440269 0.0129241356626153 78
1736471440773 0.011983336880803108 79
1736471441303 0.011980014853179455 80
1736471441833 0.011710732243955135 81
1736471442418 0.01204800233244896 82
1736471442928 0.013696369715034962 83
1736471443440 0.012369468808174133 84
1736471443977 0.011550468392670155 85
1736471444483 0.011647342704236507 86
1736471444983 0.012837759219110012 87
1736471445527 0.013774987310171127 88
1736471446053 0.01704254187643528 89
1736471446566 0.014238513074815273 90
1736471447073 0.012979472056031227 91
1736471447616 0.01422944851219654 92
1736471448116 0.014604223892092705 93
1736471448630 0.014882752671837807 94
1736471449197 0.012709954753518105 95
1736471449699 0.010662076063454151 96
1736471450203 0.011082719080150127 97
1736471450724 0.010753318667411804 98
1736471451235 0.010279235430061817 99
