1736426427417 0.47502341866493225 0
1736426427768 0.04781143367290497 1
1736426428166 0.021129874512553215 2
1736426428612 0.014540556818246841 3
1736426428990 0.011987765319645405 4
1736426429326 0.010254672728478909 5
1736426429664 0.009089082479476929 6
1736426429996 0.008102888241410255 7
1736426430341 0.007335860747843981 8
1736426430699 0.006665094755589962 9
1736426431197 0.0060766288079321384 10
1736426431644 0.005549464374780655 11
1736426432048 0.005097837653011084 12
1736426432529 0.004703638609498739 13
1736426432945 0.004350222647190094 14
1736426433300 0.004046188667416573 15
1736426433678 0.0037776625249534845 16
1736426434143 0.003539198311045766 17
1736426434671 0.0033232944551855326 18
1736426435149 0.0031188686843961477 19
1736426435588 0.0029450978618115187 20
1736426436072 0.0027701782528311014 21
1736426436562 0.002608860144391656 22
1736426436966 0.0024692846927791834 23
1736426437346 0.0023352999705821276 24
1736426437715 0.0022181293461471796 25
1736426438107 0.002099580131471157 26
1736426438490 0.00200048484839499 27
1736426438866 0.0018976712599396706 28
1736426439256 0.0018093903781846166 29
1736426439622 0.0017283353954553604 30
1736426439980 0.0016497523756697774 31
1736426440375 0.0015754050109535456 32
1736426440744 0.0015095914714038372 33
1736426441108 0.0014453792246058583 34
1736426441463 0.0013841602485626936 35
1736426441854 0.0013293435331434011 36
1736426442208 0.001281676348298788 37
1736426442567 0.001231700531207025 38
1736426442906 0.0011901609832420945 39
1736426443260 0.0011418686481192708 40
1736426443616 0.0010978874051943421 41
1736426443960 0.0010640342952683568 42
1736426444319 0.0010273532243445516 43
1736426444689 0.0010163310216739774 44
1736426445058 0.0009638223564252257 45
1736426445423 0.0009364684810861945 46
1736426445772 0.0009038012940436602 47
1736426446126 0.0008765752427279949 48
1736426446481 0.0008619967848062515 49
1736426446832 0.0008260347531177104 50
1736426447190 0.0007984971161931753 51
1736426447558 0.0007796553545631468 52
1736426447958 0.0007583922706544399 53
1736426448472 0.0007490245043300092 54
1736426449006 0.0007245266460813582 55
1736426449477 0.0006998510798439384 56
1736426449874 0.0007056202739477158 57
1736426450237 0.0006893071695230901 58
1736426450696 0.0006866474868729711 59
1736426451173 0.0006546932272613049 60
1736426451643 0.0006275092018768191 61
1736426452110 0.000611827417742461 62
1736426452484 0.0006047081551514566 63
1736426452872 0.0005904280696995556 64
1736426453317 0.0005963970324955881 65
1736426453726 0.0006227194680832326 66
1736426454149 0.0005657973233610392 67
1736426454543 0.0005525228916667402 68
1736426454926 0.0005678740562871099 69
1736426455291 0.0005232449620962143 70
1736426455660 0.0005121722933836281 71
1736426456031 0.0004991132882423699 72
1736426456399 0.0004938615020364523 73
1736426456779 0.0004876072925981134 74
1736426457132 0.00048505072481930256 75
1736426457512 0.00046204435057006776 76
1736426457860 0.00045343395322561264 77
1736426458206 0.00045315935858525336 78
1736426458539 0.0004449074622243643 79
1736426458877 0.0004325917107053101 80
1736426459227 0.00042805331759154797 81
1736426459568 0.0004206289304420352 82
1736426459911 0.00041950703598558903 83
1736426460247 0.00040068960515782237 84
1736426460579 0.0004057956684846431 85
1736426460911 0.0004141940444242209 86
1736426461243 0.00039337281486950815 87
1736426461625 0.0003854225797113031 88
1736426461966 0.00041091404273174703 89
1736426462301 0.00041150522883981466 90
1736426462636 0.0004057219484820962 91
1736426462973 0.0003908853395842016 92
1736426463305 0.00035979211679659784 93
1736426463625 0.00035662020673044026 94
1736426463978 0.0003594371082726866 95
1736426464310 0.0003505704808048904 96
1736426464634 0.0003434820391703397 97
1736426464962 0.00034038169542327523 98
1736426465292 0.00032580294646322727 99
