1736426427417 0.41912588477134705 0
1736426427768 0.14526066184043884 1
1736426428166 0.08504300564527512 2
1736426428612 0.06334622949361801 3
1736426428990 0.05741853639483452 4
1736426429326 0.05305761471390724 5
1736426429664 0.050217561423778534 6
1736426429996 0.047580182552337646 7
1736426430341 0.04540877416729927 8
1736426430699 0.04334728419780731 9
1736426431197 0.04147588089108467 10
1736426431644 0.03998570516705513 11
1736426432048 0.03853435069322586 12
1736426432529 0.037388090044260025 13
1736426432945 0.036396801471710205 14
1736426433300 0.03553517535328865 15
1736426433678 0.0346919447183609 16
1736426434143 0.03394875302910805 17
1736426434671 0.033245157450437546 18
1736426435149 0.032460782676935196 19
1736426435588 0.031860221177339554 20
1736426436072 0.031036488711833954 21
1736426436562 0.030263014137744904 22
1736426436966 0.029591314494609833 23
1736426437346 0.028885506093502045 24
1736426437715 0.028318792581558228 25
1736426438107 0.027619168162345886 26
1736426438490 0.027087705209851265 27
1736426438866 0.0263699758797884 28
1736426439256 0.025852520018815994 29
1736426439622 0.025316912680864334 30
1736426439980 0.02469872124493122 31
1736426440375 0.02417096495628357 32
1736426440744 0.023666158318519592 33
1736426441108 0.023190537467598915 34
1736426441463 0.022683952003717422 35
1736426441854 0.022181658074259758 36
1736426442208 0.021888433024287224 37
1736426442567 0.02151787467300892 38
1736426442906 0.021052109077572823 39
1736426443260 0.02058456279337406 40
1736426443616 0.020294537767767906 41
1736426443960 0.0198458693921566 42
1736426444319 0.019485898315906525 43
1736426444689 0.01953282207250595 44
1736426445058 0.018925843760371208 45
1736426445423 0.018654197454452515 46
1736426445772 0.018292991444468498 47
1736426446126 0.018009863793849945 48
1736426446481 0.01798040047287941 49
1736426446832 0.017531631514430046 50
1736426447190 0.01716260239481926 51
1736426447558 0.016927404329180717 52
1736426447958 0.016651468351483345 53
1736426448472 0.016578754410147667 54
1736426449006 0.016467005014419556 55
1736426449477 0.01596652902662754 56
1736426449874 0.016196295619010925 57
1736426450237 0.016195548698306084 58
1736426450696 0.016191445291042328 59
1736426451173 0.015820275992155075 60
1736426451643 0.015156786888837814 61
1736426452110 0.014933399856090546 62
1736426452484 0.014756505377590656 63
1736426452872 0.014795341528952122 64
1736426453317 0.014950756914913654 65
1736426453726 0.01552740577608347 66
1736426454149 0.014418229460716248 67
1736426454543 0.014364589005708694 68
1736426454926 0.014596980065107346 69
1736426455291 0.013671056367456913 70
1736426455660 0.013522461988031864 71
1736426456031 0.01332950871437788 72
1736426456399 0.013252239674329758 73
1736426456779 0.013131710700690746 74
1736426457132 0.01327764056622982 75
1736426457512 0.012590925209224224 76
1736426457860 0.012405862100422382 77
1736426458206 0.01248155441135168 78
1736426458539 0.012412331998348236 79
1736426458877 0.0121009461581707 80
1736426459227 0.012052240781486034 81
1736426459568 0.012015663087368011 82
1736426459911 0.011894376948475838 83
1736426460247 0.011542392894625664 84
1736426460579 0.011687549762427807 85
1736426460911 0.012387084774672985 86
1736426461243 0.011628222651779652 87
1736426461625 0.011346948333084583 88
1736426461966 0.012322217226028442 89
1736426462301 0.012627841904759407 90
1736426462636 0.01211703009903431 91
1736426462973 0.011985303834080696 92
1736426463305 0.011127994395792484 93
1736426463625 0.010934357531368732 94
1736426463978 0.01088727917522192 95
1736426464310 0.011132657527923584 96
1736426464634 0.010669706389307976 97
1736426464962 0.010906873270869255 98
1736426465292 0.010187176056206226 99
