1736427335394 0.380918025970459 0
1736427335741 0.06065461412072182 1
1736427336119 0.02606218494474888 2
1736427336452 0.019080547615885735 3
1736427336766 0.015566723421216011 4
1736427337137 0.013053067959845066 5
1736427337448 0.011393479071557522 6
1736427337806 0.010097118094563484 7
1736427338160 0.009067889302968979 8
1736427338475 0.008244066499173641 9
1736427338825 0.007582580205053091 10
1736427339230 0.0070024337619543076 11
1736427339669 0.006529431790113449 12
1736427340053 0.006112638395279646 13
1736427340407 0.005715369246900082 14
1736427340727 0.005375286098569632 15
1736427341053 0.005060878116637468 16
1736427341407 0.004786912817507982 17
1736427341738 0.004531094338744879 18
1736427342056 0.004292947705835104 19
1736427342357 0.004073916934430599 20
1736427342682 0.0038760274183005095 21
1736427342983 0.003689761506393552 22
1736427343340 0.0035140214022248983 23
1736427343648 0.003344648750498891 24
1736427343961 0.003191013354808092 25
1736427344270 0.003042587311938405 26
1736427344587 0.0029080980457365513 27
1736427344913 0.0027742693200707436 28
1736427345265 0.002649731934070587 29
1736427345591 0.002542069647461176 30
1736427345903 0.002426757011562586 31
1736427346211 0.0023297304287552834 32
1736427346513 0.002228909870609641 33
1736427346824 0.0021488103084266186 34
1736427347132 0.0020535122603178024 35
1736427347494 0.001976451836526394 36
1736427347830 0.0019053099676966667 37
1736427348141 0.0018476505065336823 38
1736427348449 0.001762195024639368 39
1736427348787 0.0016964820679277182 40
1736427349106 0.0016392552061006427 41
1736427349423 0.0015857612015679479 42
1736427349746 0.0015365678118541837 43
1736427350106 0.001478327321819961 44
1736427350415 0.001436726888641715 45
1736427350734 0.001392963109537959 46
1736427351052 0.0013466743985190988 47
1736427351364 0.0013084305683150887 48
1736427351755 0.001269149361178279 49
1736427352079 0.0012324267299845815 50
1736427352415 0.0011909821769222617 51
1736427352738 0.001164543442428112 52
1736427353072 0.0011303875362500548 53
1736427353407 0.0011050526518374681 54
1736427353732 0.0010815649293363094 55
1736427354050 0.0010483877267688513 56
1736427354333 0.0010192729532718658 57
1736427354635 0.001005023019388318 58
1736427354948 0.0009681708761490881 59
1736427355260 0.0009496171842329204 60
1736427355550 0.0009313536575064063 61
1736427355840 0.000906779954675585 62
1736427356117 0.0008841186063364148 63
1736427356438 0.0008705879445187747 64
1736427356733 0.0008494048961438239 65
1736427357036 0.0008349863346666098 66
1736427357336 0.0008231866522692144 67
1736427357637 0.00081875134492293 68
1736427358026 0.0007993521867319942 69
1736427358334 0.0007736287661828101 70
1736427358632 0.0007494516321457922 71
1736427358902 0.000737607479095459 72
1736427359170 0.0007224638247862458 73
1736427359444 0.0007113614701665938 74
1736427359756 0.0007000476471148431 75
1736427360047 0.0006979556055739522 76
1736427360351 0.0006835481035523117 77
1736427360690 0.0006680312799289823 78
1736427361052 0.00065583799732849 79
1736427361447 0.0006408701301552355 80
1736427361775 0.0006294427439570427 81
1736427362037 0.0006153882713988423 82
1736427362305 0.0006051069358363748 83
1736427362597 0.0006015044637024403 84
1736427363073 0.0005922428681515157 85
1736427363479 0.0005742048961110413 86
1736427363854 0.0005681106704287231 87
1736427364181 0.0005709658726118505 88
1736427364518 0.0005614311085082591 89
1736427364882 0.0005448570591397583 90
1736427365259 0.0005315811140462756 91
1736427365636 0.0005296497838571668 92
1736427365953 0.0005212228279560804 93
1736427366336 0.000513139006216079 94
1736427366672 0.000507280754391104 95
1736427367021 0.0004972117021679878 96
1736427367335 0.0004973720060661435 97
1736427367703 0.0004966069245710969 98
1736427368057 0.0004826527729164809 99
