1736427335394 0.35154882073402405 0
1736427335741 0.16119177639484406 1
1736427336119 0.08916322886943817 2
1736427336452 0.07259266823530197 3
1736427336766 0.06453321874141693 4
1736427337137 0.05781791731715202 5
1736427337448 0.05437852069735527 6
1736427337806 0.051292162388563156 7
1736427338160 0.04859315603971481 8
1736427338475 0.046560805290937424 9
1736427338825 0.045126017183065414 10
1736427339230 0.043862223625183105 11
1736427339669 0.042760856449604034 12
1736427340053 0.041821517050266266 13
1736427340407 0.040960974991321564 14
1736427340727 0.04007579758763313 15
1736427341053 0.039001110941171646 16
1736427341407 0.038165122270584106 17
1736427341738 0.037437792867422104 18
1736427342056 0.036742910742759705 19
1736427342357 0.035769272595644 20
1736427342682 0.03523211181163788 21
1736427342983 0.03432097285985947 22
1736427343340 0.03351442515850067 23
1736427343648 0.03268640860915184 24
1736427343961 0.032010115683078766 25
1736427344270 0.031185543164610863 26
1736427344587 0.03067103400826454 27
1736427344913 0.02987351268529892 28
1736427345265 0.029244162142276764 29
1736427345591 0.028643719851970673 30
1736427345903 0.028105439618229866 31
1736427346211 0.027484964579343796 32
1736427346513 0.02695588953793049 33
1736427346824 0.026542026549577713 34
1736427347132 0.02609431929886341 35
1736427347494 0.02575629949569702 36
1736427347830 0.02522817812860012 37
1736427348141 0.024983547627925873 38
1736427348449 0.024397356435656548 39
1736427348787 0.02393639273941517 40
1736427349106 0.02362700179219246 41
1736427349423 0.023422766476869583 42
1736427349746 0.023166224360466003 43
1736427350106 0.02271738275885582 44
1736427350415 0.022552939131855965 45
1736427350734 0.02213090844452381 46
1736427351052 0.021891163662075996 47
1736427351364 0.021559812128543854 48
1736427351755 0.021335016936063766 49
1736427352079 0.02098764479160309 50
1736427352415 0.02057298645377159 51
1736427352738 0.020448358729481697 52
1736427353072 0.020130956545472145 53
1736427353407 0.020046662539243698 54
1736427353732 0.01988164521753788 55
1736427354050 0.019452335312962532 56
1736427354333 0.01923304982483387 57
1736427354635 0.01958434097468853 58
1736427354948 0.018778445199131966 59
1736427355260 0.01892341487109661 60
1736427355550 0.018688006326556206 61
1736427355840 0.018167274072766304 62
1736427356117 0.01796341873705387 63
1736427356438 0.01789041981101036 64
1736427356733 0.017563698813319206 65
1736427357036 0.017572443932294846 66
1736427357336 0.017398236319422722 67
1736427357637 0.0172851774841547 68
1736427358026 0.017185313627123833 69
1736427358334 0.016845369711518288 70
1736427358632 0.016450760886073112 71
1736427358902 0.016320811584591866 72
1736427359170 0.01613461785018444 73
1736427359444 0.016066215932369232 74
1736427359756 0.015952954068779945 75
1736427360047 0.016473470255732536 76
1736427360351 0.015875937417149544 77
1736427360690 0.01566275581717491 78
1736427361052 0.015424361452460289 79
1736427361447 0.015094803646206856 80
1736427361775 0.014933867380023003 81
1736427362037 0.01467309333384037 82
1736427362305 0.014617455191910267 83
1736427362597 0.014558126218616962 84
1736427363073 0.014609234407544136 85
1736427363479 0.01420943345874548 86
1736427363854 0.01414048857986927 87
1736427364181 0.014207541011273861 88
1736427364518 0.014017706736922264 89
1736427364882 0.013830529525876045 90
1736427365259 0.013644206337630749 91
1736427365636 0.013720129616558552 92
1736427365953 0.013540323823690414 93
1736427366336 0.013541790656745434 94
1736427366672 0.013464374467730522 95
1736427367021 0.013110525906085968 96
1736427367335 0.01314857229590416 97
1736427367703 0.013141359202563763 98
1736427368057 0.012937984429299831 99
