1736511190029 0.16367697715759277 0
1736511190557 0.02430986426770687 1
1736511191082 0.012686510570347309 2
1736511191623 0.009440797381103039 3
1736511192110 0.007861331105232239 4
1736511192576 0.006753505673259497 5
1736511193047 0.005867718253284693 6
1736511193553 0.00519489124417305 7
1736511194084 0.004621604923158884 8
1736511194618 0.004145801533013582 9
1736511195128 0.0037644037511199713 10
1736511195632 0.0034079786855727434 11
1736511196179 0.0031101054046303034 12
1736511196682 0.0028445899952203035 13
1736511197195 0.0026130094192922115 14
1736511197721 0.002404908649623394 15
1736511198305 0.0022536234464496374 16
1736511198844 0.0021207276731729507 17
1736511199391 0.001966014737263322 18
1736511199877 0.0018446617759764194 19
1736511200344 0.0017098650569096208 20
1736511200837 0.001597128459252417 21
1736511201376 0.0015166385564953089 22
1736511201870 0.001460464671254158 23
1736511202354 0.001436843303963542 24
1736511202817 0.0013150987215340137 25
1736511203302 0.001245888532139361 26
1736511203763 0.0011815333273261786 27
1736511204245 0.0011350368149578571 28
1736511204725 0.0010825279168784618 29
1736511205279 0.0010585614945739508 30
1736511205787 0.0009931757813319564 31
1736511206285 0.0009799522813409567 32
1736511206766 0.0009310344466939569 33
1736511207243 0.0008863338152877986 34
1736511207710 0.0009595949086360633 35
1736511208195 0.0009341500117443502 36
1736511208779 0.0008853484177961946 37
1736511209359 0.001054014777764678 38
1736511209915 0.0007925949757918715 39
1736511210458 0.0007334472029469907 40
1736511210942 0.0007080916548147798 41
1736511211413 0.0006753839552402496 42
1736511211924 0.0006603918736800551 43
1736511212461 0.0006359618855640292 44
1736511212943 0.000632240145932883 45
1736511213418 0.0006165963131934404 46
1736511213903 0.0006085704080760479 47
1736511214374 0.0007198998355306685 48
1736511214853 0.0006494732806459069 49
1736511215348 0.0007711969083175063 50
1736511215906 0.000555103353690356 51
1736511216395 0.000528160308022052 52
1736511216865 0.0005109453923068941 53
1736511217336 0.0005048912134952843 54
1736511217820 0.0005335622117854655 55
1736511218300 0.0005333433509804308 56
1736511218786 0.00050726457266137 57
1736511219331 0.0005040471442043781 58
1736511219811 0.0004717772826552391 59
1736511220284 0.0004644420987460762 60
1736511220755 0.0004628010792657733 61
1736511221242 0.0005157363484613597 62
1736511221711 0.000550697383005172 63
1736511222267 0.0007367905345745385 64
1736511222780 0.0005738064646720886 65
1736511223252 0.0007724665920250118 66
1736511223768 0.0005223281914368272 67
1736511224240 0.00047489962889812887 68
1736511224723 0.00044707898632623255 69
1736511225191 0.0004057921760249883 70
1736511225699 0.000414283131249249 71
1736511226210 0.0004120386438444257 72
1736511226692 0.0003819672274403274 73
1736511227189 0.0004093194438610226 74
1736511227717 0.0004125879786442965 75
1736511228205 0.0003819714183919132 76
1736511228676 0.00037816414260305464 77
1736511229160 0.0005824302206747234 78
1736511229683 0.0008108748588711023 79
1736511230199 0.0007713207742199302 80
1736511230720 0.0009820486884564161 81
1736511231198 0.0007719703135080636 82
1736511231664 0.0005137132247909904 83
1736511232145 0.0003640968643594533 84
1736511232660 0.000335222139256075 85
1736511233185 0.000314841017825529 86
1736511233703 0.0003320334362797439 87
1736511234193 0.00038975151255726814 88
1736511234664 0.0004975410411134362 89
1736511235134 0.0003442757297307253 90
1736511235606 0.0003028646460734308 91
1736511236081 0.0003125440562143922 92
1736511236548 0.0003050272644031793 93
1736511237080 0.0003045548510272056 94
1736511237599 0.00031063403002917767 95
1736511238107 0.00029638619162142277 96
1736511238576 0.0002762847871053964 97
1736511239082 0.00030828453600406647 98
1736511239550 0.00028926332015544176 99
