1736511190029 0.24460344016551971 0
1736511190557 0.10010793805122375 1
1736511191082 0.06324248760938644 2
1736511191623 0.05269167572259903 3
1736511192110 0.048436250537633896 4
1736511192576 0.04536094889044762 5
1736511193047 0.04318000003695488 6
1736511193553 0.04142659530043602 7
1736511194084 0.03991927579045296 8
1736511194618 0.03839614614844322 9
1736511195128 0.03712368384003639 10
1736511195632 0.03546343371272087 11
1736511196179 0.03405151516199112 12
1736511196682 0.032634634524583817 13
1736511197195 0.031134450808167458 14
1736511197721 0.029853740707039833 15
1736511198305 0.02904500812292099 16
1736511198844 0.0283138919621706 17
1736511199391 0.027454320341348648 18
1736511199877 0.02669806219637394 19
1736511200344 0.02518155612051487 20
1736511200837 0.02397136762738228 21
1736511201376 0.02352958917617798 22
1736511201870 0.023307785391807556 23
1736511202354 0.023831574246287346 24
1736511202817 0.022183356806635857 25
1736511203302 0.02152123488485813 26
1736511203763 0.020860465243458748 27
1736511204245 0.02056572027504444 28
1736511204725 0.02002994902431965 29
1736511205279 0.02020091935992241 30
1736511205787 0.01906571164727211 31
1736511206285 0.019088497385382652 32
1736511206766 0.018534651026129723 33
1736511207243 0.01804441027343273 34
1736511207710 0.01988661289215088 35
1736511208195 0.01973835937678814 36
1736511208779 0.019579770043492317 37
1736511209359 0.021687865257263184 38
1736511209915 0.017160989344120026 39
1736511210458 0.016286104917526245 40
1736511210942 0.015763118863105774 41
1736511211413 0.015272705815732479 42
1736511211924 0.015152178704738617 43
1736511212461 0.014848798513412476 44
1736511212943 0.014948518946766853 45
1736511213418 0.014722867868840694 46
1736511213903 0.014367935247719288 47
1736511214374 0.01686049811542034 48
1736511214853 0.015589608810842037 49
1736511215348 0.018672866746783257 50
1736511215906 0.013698054477572441 51
1736511216395 0.012940408661961555 52
1736511216865 0.012699338607490063 53
1736511217336 0.012671345844864845 54
1736511217820 0.013552742078900337 55
1736511218300 0.013995308429002762 56
1736511218786 0.01320566888898611 57
1736511219331 0.013568628579378128 58
1736511219811 0.01231913361698389 59
1736511220284 0.012521483935415745 60
1736511220755 0.012608984485268593 61
1736511221242 0.013832245953381062 62
1736511221711 0.014942669309675694 63
1736511222267 0.018170461058616638 64
1736511222780 0.015319040976464748 65
1736511223252 0.0197597686201334 66
1736511223768 0.014316693879663944 67
1736511224240 0.013312406837940216 68
1736511224723 0.01300845481455326 69
1736511225191 0.011683476157486439 70
1736511225699 0.011932522989809513 71
1736511226210 0.011816669255495071 72
1736511226692 0.01117746438831091 73
1736511227189 0.012038564309477806 74
1736511227717 0.012424876913428307 75
1736511228205 0.011216698214411736 76
1736511228676 0.011802875436842442 77
1736511229160 0.01689106412231922 78
1736511229683 0.019290339201688766 79
1736511230199 0.018906928598880768 80
1736511230720 0.02205805666744709 81
1736511231198 0.020035946741700172 82
1736511231664 0.01512423437088728 83
1736511232145 0.011421400122344494 84
1736511232660 0.010323448106646538 85
1736511233185 0.009599804878234863 86
1736511233703 0.010776224546134472 87
1736511234193 0.012371065095067024 88
1736511234664 0.015348255634307861 89
1736511235134 0.010992252267897129 90
1736511235606 0.0095888152718544 91
1736511236081 0.010130086913704872 92
1736511236548 0.009939627721905708 93
1736511237080 0.010197094641625881 94
1736511237599 0.010582517832517624 95
1736511238107 0.009916411712765694 96
1736511238576 0.009050789289176464 97
1736511239082 0.010451055131852627 98
1736511239550 0.009814166463911533 99
